MEME version 4.4

ALPHABET= ACGT

strands: + -

Background letter frequencies:
A 0.29 C 0.21 G 0.21 T 0.29

MOTIF AHR::ARNT_2

letter-probability matrix: alength= 4 nsites=1000
0.1622	0.0425	0.7513	0.0440
0.3197	0.0819	0.4756	0.1228
0.0834	0.2394	0.5544	0.1228
0.1228	0.1212	0.4363	0.3197
0.7135	0.0031	0.2394	0.0440
0.0047	0.0031	0.1606	0.8316
0.0047	0.5150	0.0031	0.4772
0.0047	0.0031	0.9875	0.0047
0.0047	0.9875	0.0031	0.0047
0.0047	0.0031	0.9875	0.0047
0.0047	0.0031	0.0031	0.9891
0.0047	0.0031	0.9875	0.0047
0.4772	0.3575	0.0031	0.1622
0.0834	0.5544	0.2788	0.0834
0.4772	0.0031	0.0819	0.4378
0.3984	0.0425	0.3181	0.2409
0.0047	0.3969	0.3969	0.2016
0.0047	0.7119	0.1606	0.1228
0.0047	0.9875	0.0031	0.0047
