MEME version 4.4

ALPHABET= ACGT

strands: + -

Background letter frequencies:
A 0.29 C 0.21 G 0.21 T 0.29

MOTIF AHR::ARNT_1

letter-probability matrix: alength= 4 nsites=1000
0.1720	0.0031	0.3280	0.4969
0.3295	0.0622	0.2788	0.3295
0.3197	0.1606	0.2591	0.2606
0.1425	0.0917	0.4756	0.2902
0.2734	0.1419	0.4008	0.1838
0.2311	0.0917	0.3575	0.3197
0.0913	0.0523	0.2276	0.6288
0.0923	0.3447	0.0907	0.4723
0.0047	0.0031	0.9482	0.0440
0.0047	0.9482	0.0031	0.0440
0.0047	0.0031	0.9875	0.0047
0.0047	0.0031	0.0031	0.9891
0.0047	0.0031	0.9875	0.0047
0.2212	0.6036	0.0031	0.1720
0.3295	0.4953	0.0031	0.1720
0.2016	0.3969	0.3969	0.0047
