MEME version 4.4

ALPHABET= ACGT

strands: + -

Background letter frequencies:
A 0.29 C 0.21 G 0.21 T 0.29

MOTIF AHR_1

letter-probability matrix: alength= 4 nsites=1000
0.0047	0.6597	0.2217	0.1139
0.0047	0.6597	0.0031	0.3325
0.0047	0.5505	0.1124	0.3325
0.0047	0.7690	0.2217	0.0047
0.2232	0.3309	0.3309	0.1149
0.4418	0.0031	0.5505	0.0047
0.3325	0.1134	0.4402	0.1139
0.0047	0.5505	0.4402	0.0047
0.0047	0.0031	0.0031	0.9891
0.3325	0.2226	0.1124	0.3325
0.0047	0.0031	0.9875	0.0047
0.0047	0.9875	0.0031	0.0047
0.0047	0.0031	0.9875	0.0047
0.0047	0.0031	0.0031	0.9891
0.0047	0.0031	0.9875	0.0047
0.6613	0.1124	0.1124	0.1139
0.1139	0.3309	0.5505	0.0047
0.6613	0.0031	0.0031	0.3325
