MEME version 4.4

ALPHABET= ACGT

strands: + -

Background letter frequencies:
A 0.29 C 0.21 G 0.21 T 0.29

MOTIF AIRE_1

letter-probability matrix: alength= 4 nsites=1000
0.2823	0.1567	0.0336	0.5274
0.2508	0.1872	0.0031	0.5589
0.4044	0.0956	0.1567	0.3433
0.2193	0.0651	0.3112	0.4044
0.2203	0.0651	0.3112	0.4034
0.4969	0.1262	0.0336	0.3433
0.3738	0.3112	0.0947	0.2203
0.2508	0.2797	0.0651	0.4044
0.1888	0.0956	0.1567	0.5589
0.0047	0.0031	0.9875	0.0047
0.0047	0.0031	0.9875	0.0047
0.3433	0.0947	0.0031	0.5589
0.3738	0.0956	0.0336	0.4969
0.3738	0.1882	0.1872	0.2508
0.3433	0.0947	0.1882	0.3738
0.3738	0.1262	0.1567	0.3433
0.4044	0.0956	0.0956	0.4044
0.3128	0.2177	0.0651	0.4044
0.0047	0.0031	0.9875	0.0047
0.0047	0.0031	0.9875	0.0047
0.3433	0.1262	0.1567	0.3738
0.0972	0.2797	0.1882	0.4349
0.4359	0.0326	0.1882	0.3433
0.4664	0.2177	0.0651	0.2508
0.5274	0.0956	0.0336	0.3433
0.2813	0.1262	0.1567	0.4359
