MEME version 4.4

ALPHABET= ACGT

strands: + -

Background letter frequencies:
A 0.29 C 0.21 G 0.21 T 0.29

MOTIF AIRE_2

letter-probability matrix: alength= 4 nsites=1000
0.0047	0.2719	0.7188	0.0047
0.2153	0.2138	0.5652	0.0057
0.0047	0.0031	0.0031	0.9891
0.0047	0.0031	0.0031	0.9891
0.8660	0.0651	0.0031	0.0657
0.0047	0.0031	0.0031	0.9891
0.0568	0.0031	0.0031	0.9369
0.8483	0.0031	0.0504	0.0982
0.9074	0.0435	0.0031	0.0460
0.0047	0.0405	0.2689	0.6859
0.0755	0.0730	0.0031	0.8483
0.0047	0.0031	0.9875	0.0047
0.0047	0.0031	0.9875	0.0047
0.0726	0.0031	0.0366	0.8877
0.0047	0.0366	0.0031	0.9556
0.9468	0.0031	0.0454	0.0047
0.0047	0.0543	0.0553	0.8857
0.7154	0.1124	0.1675	0.0047
0.0047	0.0582	0.0031	0.9340
0.0047	0.0031	0.0031	0.9891
0.0047	0.0612	0.8714	0.0628
0.0628	0.0612	0.8714	0.0047
0.0047	0.1675	0.2492	0.5786
0.0047	0.1016	0.1016	0.7922
0.3984	0.0031	0.2984	0.3000
