MEME version 4.4

ALPHABET= ACGT

strands: + -

Background letter frequencies:
A 0.29 C 0.21 G 0.21 T 0.29

MOTIF ALX1_1

letter-probability matrix: alength= 4 nsites=1000
0.4152	0.3309	0.1262	0.1277
0.3325	0.3309	0.2906	0.0460
0.2409	0.4363	0.1212	0.2016
0.0047	0.0031	0.0031	0.9891
0.8710	0.0031	0.0425	0.0834
0.9891	0.0031	0.0031	0.0047
0.0047	0.0425	0.0031	0.9497
0.0047	0.0819	0.2394	0.6741
0.3984	0.2788	0.1606	0.1622
0.2803	0.3181	0.2000	0.2016
0.2508	0.4953	0.0031	0.2508
0.8710	0.0425	0.0819	0.0047
0.0047	0.0425	0.0031	0.9497
0.0834	0.0425	0.0031	0.8710
0.7922	0.0425	0.1212	0.0440
0.0864	0.2492	0.2906	0.3738
0.0903	0.5170	0.1311	0.2616
0.2508	0.1508	0.2984	0.3000
