MEME version 4.4

ALPHABET= ACGT

strands: + -

Background letter frequencies:
A 0.29 C 0.21 G 0.21 T 0.29

MOTIF ARHGEF12_1

letter-probability matrix: alength= 4 nsites=1000
0.3650	0.1409	0.1705	0.3236
0.2744	0.1931	0.2492	0.2833
0.1641	0.3280	0.0996	0.4083
0.0874	0.2059	0.0996	0.6071
0.9438	0.0189	0.0090	0.0283
0.0076	0.9777	0.0061	0.0086
0.0096	0.0061	0.9767	0.0076
0.9300	0.0051	0.0543	0.0106
0.1858	0.7513	0.0336	0.0293
0.9084	0.0071	0.0671	0.0175
0.9546	0.0100	0.0080	0.0273
0.7243	0.0563	0.0100	0.2094
0.2675	0.1350	0.0691	0.5284
0.3295	0.2108	0.2197	0.2399
0.2508	0.1980	0.3122	0.2390
0.1740	0.3979	0.1902	0.2380
