MEME version 4.4

ALPHABET= ACGT

strands: + -

Background letter frequencies:
A 0.29 C 0.21 G 0.21 T 0.29

MOTIF ARID5A_1

letter-probability matrix: alength= 4 nsites=1000
0.1789	0.4254	0.2285	0.1671
0.1622	0.3231	0.0346	0.4802
0.8434	0.0297	0.0760	0.0509
0.9507	0.0071	0.0130	0.0293
0.0608	0.0071	0.0110	0.9212
0.9212	0.0080	0.0100	0.0608
0.0244	0.0169	0.0100	0.9487
0.0450	0.0897	0.0415	0.8237
0.2350	0.0307	0.5150	0.2193
0.3394	0.3506	0.1842	0.1258
0.2852	0.1360	0.2669	0.3118
0.5688	0.0799	0.1902	0.1612
0.2862	0.1842	0.2610	0.2685
0.3423	0.2295	0.1547	0.2734
