MEME version 4.4

ALPHABET= ACGT

strands: + -

Background letter frequencies:
A 0.29 C 0.21 G 0.21 T 0.29

MOTIF ARID5B_1

letter-probability matrix: alength= 4 nsites=1000
0.5953	0.2000	0.2000	0.0047
0.5953	0.0031	0.0031	0.3984
0.0047	0.4953	0.3309	0.1691
0.0706	0.5938	0.1340	0.2016
0.6613	0.1340	0.0691	0.1356
0.0706	0.6597	0.1340	0.1356
0.9891	0.0031	0.0031	0.0047
0.9891	0.0031	0.0031	0.0047
0.0047	0.0691	0.0681	0.8582
0.9231	0.0691	0.0031	0.0047
0.0047	0.7247	0.0691	0.2016
0.2675	0.4628	0.0681	0.2016
0.4644	0.2650	0.2660	0.0047
0.5953	0.2660	0.1340	0.0047
