MEME version 4.4

ALPHABET= ACGT

strands: + -

Background letter frequencies:
A 0.29 C 0.21 G 0.21 T 0.29

MOTIF ARNT_2

letter-probability matrix: alength= 4 nsites=1000
0.1691	0.3782	0.3309	0.1218
0.3325	0.3083	0.2847	0.0746
0.3325	0.1902	0.2620	0.2153
0.3325	0.2856	0.1902	0.1917
0.2390	0.1675	0.3546	0.2390
0.3561	0.1203	0.4481	0.0755
0.1454	0.0031	0.1902	0.6613
0.0047	0.9875	0.0031	0.0047
0.9891	0.0031	0.0031	0.0047
0.0047	0.9875	0.0031	0.0047
0.0047	0.0031	0.9875	0.0047
0.0047	0.0031	0.0031	0.9891
0.0047	0.0031	0.9875	0.0047
0.6613	0.1902	0.0031	0.1454
0.0746	0.4491	0.1203	0.3561
0.2390	0.3546	0.1675	0.2390
0.1917	0.1911	0.2847	0.3325
0.2153	0.2620	0.1902	0.3325
0.0746	0.2847	0.3083	0.3325
0.1218	0.3309	0.3782	0.1691
