MEME version 4.4

ALPHABET= ACGT

strands: + -

Background letter frequencies:
A 0.29 C 0.21 G 0.21 T 0.29

MOTIF ATF4_3

letter-probability matrix: alength= 4 nsites=1000
0.5668	0.1212	0.1409	0.1710
0.2311	0.0287	0.6440	0.0962
0.0687	0.2335	0.5485	0.1494
0.8592	0.0769	0.0592	0.0047
0.0047	0.0051	0.0031	0.9871
0.0057	0.0031	0.9836	0.0076
0.9881	0.0031	0.0031	0.0057
0.0057	0.3083	0.0041	0.6820
0.0047	0.0061	0.9846	0.0047
0.0047	0.9492	0.0031	0.0431
0.9891	0.0031	0.0031	0.0047
0.9871	0.0051	0.0031	0.0047
0.0047	0.1301	0.0307	0.8345
0.3935	0.5386	0.0494	0.0185
