MEME version 4.4

ALPHABET= ACGT

strands: + -

Background letter frequencies:
A 0.29 C 0.21 G 0.21 T 0.29

MOTIF BARHL2_7

letter-probability matrix: alength= 4 nsites=1000
0.0509	0.0189	0.0090	0.9212
0.9192	0.0080	0.0208	0.0519
0.9734	0.0090	0.0090	0.0086
0.3807	0.0189	0.0809	0.5195
0.0785	0.3290	0.0661	0.5264
0.1248	0.0189	0.7995	0.0568
0.1917	0.2640	0.2916	0.2527
0.0972	0.3142	0.1075	0.4811
0.1868	0.3034	0.3792	0.1307
0.1927	0.3565	0.1104	0.3404
0.0391	0.0120	0.0080	0.9409
0.9094	0.0080	0.0100	0.0726
0.9812	0.0071	0.0051	0.0066
0.4221	0.0139	0.0720	0.4920
0.0657	0.3752	0.0592	0.4998
0.1326	0.0159	0.7907	0.0608
