MEME version 4.4

ALPHABET= ACGT

strands: + -

Background letter frequencies:
A 0.29 C 0.21 G 0.21 T 0.29

MOTIF BATF_known1

letter-probability matrix: alength= 4 nsites=1000
0.0539	0.1252	0.0405	0.7804
0.0322	0.0159	0.9265	0.0253
0.9153	0.0287	0.0494	0.0066
0.0057	0.0031	0.0031	0.9881
0.0047	0.0031	0.9875	0.0047
0.9891	0.0031	0.0031	0.0047
0.0066	0.9856	0.0031	0.0047
0.0155	0.0031	0.9767	0.0047
0.0047	0.0031	0.0061	0.9862
0.0155	0.9669	0.0071	0.0106
0.9842	0.0031	0.0031	0.0096
0.0116	0.0543	0.0386	0.8956
0.0362	0.9157	0.0149	0.0332
0.6131	0.0445	0.2541	0.0883
