MEME version 4.4

ALPHABET= ACGT

strands: + -

Background letter frequencies:
A 0.29 C 0.21 G 0.21 T 0.29

MOTIF BCL6B_1

letter-probability matrix: alength= 4 nsites=1000
0.3463	0.0838	0.2030	0.3669
0.1710	0.5928	0.0494	0.1868
0.0893	0.1075	0.0612	0.7420
0.1317	0.0868	0.0779	0.7036
0.0362	0.0139	0.0189	0.9310
0.0175	0.8586	0.0120	0.1120
0.0224	0.1065	0.4461	0.4250
0.7932	0.0139	0.0189	0.1740
0.1435	0.0573	0.7533	0.0460
0.0765	0.0238	0.8025	0.0972
0.8690	0.0179	0.0474	0.0657
0.8670	0.0297	0.0169	0.0864
0.2075	0.2128	0.0435	0.5363
0.2459	0.2276	0.1685	0.3581
0.2104	0.3024	0.1488	0.3384
0.2035	0.2925	0.3329	0.1710
