MEME version 4.4

ALPHABET= ACGT

strands: + -

Background letter frequencies:
A 0.29 C 0.21 G 0.21 T 0.29

MOTIF CCDC6_1

letter-probability matrix: alength= 4 nsites=1000
0.1691	0.1665	0.4953	0.1691
0.3325	0.1675	0.3309	0.1691
0.0047	0.1675	0.4953	0.3325
0.1691	0.1665	0.6597	0.0047
0.8247	0.0031	0.0031	0.1691
0.6613	0.0031	0.0031	0.3325
0.0047	0.0031	0.0031	0.9891
0.3325	0.0031	0.0031	0.6613
0.6613	0.1675	0.0031	0.1681
0.3335	0.3309	0.3309	0.0047
0.6613	0.1675	0.1665	0.0047
0.3325	0.3309	0.3309	0.0057
0.0047	0.1675	0.1675	0.6603
0.3325	0.0041	0.3309	0.3325
0.1691	0.3309	0.3309	0.1691
