MEME version 4.4

ALPHABET= ACGT

strands: + -

Background letter frequencies:
A 0.29 C 0.21 G 0.21 T 0.29

MOTIF CDX2_1

letter-probability matrix: alength= 4 nsites=1000
0.6613	0.3309	0.0031	0.0047
0.3325	0.1124	0.2217	0.3335
0.6613	0.1124	0.0031	0.2232
0.2232	0.2217	0.3309	0.2242
0.1139	0.0031	0.1124	0.7706
0.0047	0.2217	0.0031	0.7706
0.1139	0.0031	0.0031	0.8798
0.2232	0.0031	0.0031	0.7706
0.9891	0.0031	0.0031	0.0047
0.0047	0.1124	0.0031	0.8798
0.2232	0.0031	0.3309	0.4427
0.4418	0.0031	0.5505	0.0047
0.0047	0.7690	0.0031	0.2232
0.2232	0.5505	0.0031	0.2232
