MEME version 4.4

ALPHABET= ACGT

strands: + -

Background letter frequencies:
A 0.29 C 0.21 G 0.21 T 0.29

MOTIF CDX_1

letter-probability matrix: alength= 4 nsites=1000
0.2508	0.1665	0.1675	0.4152
0.9074	0.0848	0.0031	0.0047
0.0864	0.5770	0.0041	0.3325
0.4152	0.1675	0.0848	0.3325
0.4595	0.1547	0.3811	0.0047
0.3827	0.3063	0.0031	0.3079
0.2311	0.4579	0.0789	0.2321
0.6101	0.1547	0.1547	0.0805
0.4595	0.0031	0.4579	0.0795
0.6859	0.0789	0.1547	0.0805
0.0795	0.1547	0.4579	0.3079
0.2321	0.2305	0.0031	0.5343
0.3837	0.3063	0.0031	0.3069
0.6101	0.0031	0.2305	0.1563
0.0047	0.0031	0.0031	0.9891
0.7617	0.0789	0.1547	0.0047
0.6101	0.1547	0.0031	0.2321
0.6859	0.1547	0.1547	0.0047
