MEME version 4.4

ALPHABET= ACGT

strands: + -

Background letter frequencies:
A 0.29 C 0.21 G 0.21 T 0.29

MOTIF CEBPB_known5

letter-probability matrix: alength= 4 nsites=1000
0.2783	0.1882	0.3290	0.2045
0.1011	0.0838	0.7227	0.0923
0.3453	0.0878	0.0996	0.4674
0.4280	0.2965	0.2709	0.0047
0.0047	0.0031	0.0031	0.9891
0.0047	0.0031	0.4333	0.5589
0.3561	0.1813	0.0937	0.3689
0.0047	0.2384	0.3792	0.3778
0.0047	0.1006	0.8901	0.0047
0.1011	0.5131	0.0031	0.3827
0.9891	0.0031	0.0031	0.0047
0.9891	0.0031	0.0031	0.0047
0.0047	0.0937	0.4343	0.4674
0.2705	0.1902	0.4392	0.1002
0.0047	0.4963	0.2601	0.2390
0.7125	0.1833	0.0996	0.0047
0.0047	0.6223	0.0031	0.3699
0.5087	0.0996	0.1970	0.1947
