MEME version 4.4

ALPHABET= ACGT

strands: + -

Background letter frequencies:
A 0.29 C 0.21 G 0.21 T 0.29

MOTIF CEBPB_known3

letter-probability matrix: alength= 4 nsites=1000
0.2281	0.1370	0.1823	0.4526
0.3177	0.2719	0.3162	0.0943
0.2281	0.0031	0.1380	0.6308
0.1386	0.0031	0.3614	0.4969
0.0943	0.0031	0.0927	0.8099
0.0047	0.0031	0.9875	0.0047
0.0943	0.2266	0.5396	0.1395
0.3630	0.0474	0.0927	0.4969
0.4526	0.0927	0.1813	0.2734
0.7204	0.0031	0.0031	0.2734
0.2734	0.2266	0.3162	0.1838
0.1838	0.1823	0.3162	0.3177
0.1838	0.3162	0.1823	0.3177
