MEME version 4.4

ALPHABET= ACGT

strands: + -

Background letter frequencies:
A 0.29 C 0.21 G 0.21 T 0.29

MOTIF CENPB_1

letter-probability matrix: alength= 4 nsites=1000
0.1011	0.7877	0.0031	0.1080
0.0214	0.9452	0.0041	0.0293
0.0047	0.9846	0.0031	0.0076
0.0332	0.0326	0.8960	0.0381
0.0057	0.5770	0.1498	0.2675
0.3935	0.1144	0.2059	0.2862
0.0509	0.0710	0.0031	0.8749
0.3059	0.2925	0.2069	0.1947
0.2331	0.3142	0.2640	0.1888
0.3876	0.1478	0.1370	0.3276
0.5323	0.1025	0.2748	0.0903
0.0519	0.9226	0.0051	0.0204
0.1356	0.0159	0.8438	0.0047
0.6800	0.0740	0.0110	0.2350
0.9015	0.0484	0.0130	0.0372
