MEME version 4.4

ALPHABET= ACGT

strands: + -

Background letter frequencies:
A 0.29 C 0.21 G 0.21 T 0.29

MOTIF COMP1_1

letter-probability matrix: alength= 4 nsites=1000
0.1691	0.1675	0.1675	0.4959
0.2852	0.2847	0.4254	0.0047
0.1454	0.1439	0.1439	0.5668
0.1445	0.1439	0.2847	0.4270
0.4270	0.0031	0.0031	0.5668
0.1454	0.0031	0.2847	0.5668
0.0047	0.2847	0.7060	0.0047
0.8483	0.0031	0.0031	0.1454
0.1454	0.0031	0.0031	0.8483
0.1454	0.0031	0.0031	0.8483
0.1454	0.0031	0.8468	0.0047
0.5668	0.1439	0.2847	0.0047
0.0047	0.8468	0.1439	0.0047
0.4270	0.1429	0.2847	0.1454
0.5668	0.0031	0.2847	0.1454
0.0047	0.5652	0.2847	0.1454
0.5668	0.0031	0.2847	0.1454
0.7076	0.1439	0.1439	0.0047
0.3325	0.3309	0.3309	0.0057
0.6613	0.3309	0.0031	0.0047
0.3325	0.1675	0.4953	0.0047
0.3325	0.1675	0.4953	0.0047
0.0047	0.3309	0.3319	0.3325
0.1691	0.3309	0.3309	0.1691
