MEME version 4.4

ALPHABET= ACGT

strands: + -

Background letter frequencies:
A 0.29 C 0.21 G 0.21 T 0.29

MOTIF CPHX_1

letter-probability matrix: alength= 4 nsites=1000
0.3364	0.1852	0.2620	0.2163
0.0352	0.0080	0.0080	0.9487
0.0431	0.0189	0.9216	0.0165
0.9655	0.0090	0.0100	0.0155
0.0401	0.0071	0.0592	0.8936
0.1021	0.3683	0.2866	0.2429
0.2203	0.2797	0.3467	0.1533
0.5343	0.3418	0.0809	0.0431
0.9438	0.0297	0.0100	0.0165
0.0116	0.0080	0.0061	0.9743
0.0086	0.9600	0.0061	0.0253
0.9379	0.0169	0.0110	0.0342
0.6052	0.1409	0.1498	0.1041
0.3561	0.2079	0.1065	0.3295
