MEME version 4.4

ALPHABET= ACGT

strands: + -

Background letter frequencies:
A 0.29 C 0.21 G 0.21 T 0.29

MOTIF CUX1_7

letter-probability matrix: alength= 4 nsites=1000
0.2350	0.0848	0.2089	0.4713
0.5048	0.1921	0.1665	0.1366
0.4152	0.1449	0.3201	0.1198
0.0332	0.1852	0.0956	0.6859
0.1474	0.0553	0.6519	0.1454
0.8582	0.0553	0.0356	0.0509
0.0470	0.0159	0.0090	0.9281
0.3384	0.0582	0.5032	0.1002
0.9281	0.0090	0.0159	0.0470
0.0509	0.0356	0.0553	0.8582
0.1445	0.6519	0.0563	0.1474
0.6859	0.0956	0.1852	0.0332
0.2606	0.4057	0.1547	0.1789
0.1533	0.0681	0.1242	0.6544
0.4890	0.1291	0.1911	0.1907
