MEME version 4.4

ALPHABET= ACGT

strands: + -

Background letter frequencies:
A 0.29 C 0.21 G 0.21 T 0.29

MOTIF CUX1_6

letter-probability matrix: alength= 4 nsites=1000
0.5875	0.0661	0.2719	0.0746
0.1120	0.5308	0.2187	0.1386
0.1592	0.5081	0.1193	0.2134
0.2340	0.1557	0.5131	0.0972
0.2852	0.1862	0.4195	0.1090
0.1346	0.1626	0.0917	0.6111
0.0874	0.0740	0.0149	0.8237
0.2951	0.0179	0.6597	0.0273
0.9537	0.0090	0.0198	0.0175
0.0244	0.0110	0.0090	0.9556
0.0637	0.5997	0.0189	0.3177
0.7932	0.0592	0.0100	0.1376
0.3069	0.3526	0.1124	0.2281
0.1326	0.4717	0.2945	0.1011
0.3532	0.0838	0.1547	0.4083
0.1336	0.2856	0.3034	0.2774
0.4063	0.1045	0.2955	0.1937
