MEME version 4.4

ALPHABET= ACGT

strands: + -

Background letter frequencies:
A 0.29 C 0.21 G 0.21 T 0.29

MOTIF CUX1_4

letter-probability matrix: alength= 4 nsites=1000
0.0480	0.9019	0.0454	0.0047
0.8611	0.0888	0.0454	0.0047
0.0470	0.8596	0.0888	0.0047
0.2508	0.5770	0.1675	0.0047
0.4969	0.0848	0.3723	0.0460
0.8660	0.0031	0.1262	0.0047
0.0460	0.1262	0.1262	0.7016
0.7016	0.0848	0.1675	0.0460
0.2094	0.2906	0.1675	0.3325
0.2508	0.1675	0.4540	0.1277
0.0047	0.0445	0.0031	0.9478
0.9891	0.0031	0.0031	0.0047
0.0047	0.0031	0.0031	0.9891
0.0047	0.3309	0.3723	0.2921
0.0047	0.0031	0.9875	0.0047
