MEME version 4.4

ALPHABET= ACGT

strands: + -

Background letter frequencies:
A 0.29 C 0.21 G 0.21 T 0.29

MOTIF CUX1_8

letter-probability matrix: alength= 4 nsites=1000
0.9005	0.0139	0.0346	0.0509
0.0214	0.0297	0.0159	0.9330
0.0263	0.8989	0.0179	0.0568
0.3138	0.0169	0.6528	0.0165
0.9507	0.0139	0.0139	0.0214
0.0795	0.0297	0.0130	0.8779
0.4181	0.2541	0.1193	0.2084
0.3847	0.2797	0.1823	0.1533
0.2291	0.3260	0.2630	0.1819
0.1858	0.1774	0.1951	0.4418
0.3482	0.0779	0.3664	0.2075
0.9084	0.0139	0.0346	0.0431
0.0175	0.0208	0.0130	0.9487
0.0224	0.9393	0.0149	0.0234
0.4063	0.0189	0.5593	0.0155
0.9419	0.0130	0.0159	0.0293
0.0726	0.0228	0.0120	0.8926
