MEME version 4.4

ALPHABET= ACGT

strands: + -

Background letter frequencies:
A 0.29 C 0.21 G 0.21 T 0.29

MOTIF CUX2_1

letter-probability matrix: alength= 4 nsites=1000
0.9586	0.0061	0.0179	0.0175
0.0066	0.0110	0.0071	0.9753
0.0096	0.9757	0.0071	0.0076
0.4831	0.0100	0.4973	0.0096
0.9753	0.0061	0.0071	0.0116
0.0244	0.0061	0.0061	0.9635
0.7548	0.0632	0.0720	0.1100
0.4929	0.1951	0.0897	0.2222
0.3856	0.1872	0.1675	0.2596
0.3384	0.1970	0.1724	0.2921
0.3492	0.0878	0.1852	0.3778
0.1907	0.0632	0.0740	0.6721
0.9684	0.0061	0.0071	0.0185
0.0096	0.0110	0.0071	0.9724
0.0135	0.8704	0.0100	0.1061
0.0273	0.0051	0.9600	0.0076
0.9763	0.0061	0.0100	0.0076
0.0460	0.0189	0.0071	0.9281
