MEME version 4.4

ALPHABET= ACGT

strands: + -

Background letter frequencies:
A 0.29 C 0.21 G 0.21 T 0.29

MOTIF DDIT3::CEBPA_1

letter-probability matrix: alength= 4 nsites=1000
0.3581	0.1793	0.3063	0.1563
0.2823	0.1803	0.3565	0.1809
0.4595	0.0789	0.3811	0.0805
0.0047	0.0287	0.0031	0.9635
0.0047	0.0031	0.9620	0.0303
0.1061	0.8359	0.0031	0.0549
0.9635	0.0287	0.0031	0.0047
0.9133	0.0533	0.0287	0.0047
0.0047	0.1547	0.0031	0.8375
0.3581	0.4323	0.1291	0.0805
0.1061	0.5839	0.2295	0.0805
0.0047	0.6597	0.1547	0.1809
0.0303	0.6843	0.1045	0.1809
