MEME version 4.4

ALPHABET= ACGT

strands: + -

Background letter frequencies:
A 0.29 C 0.21 G 0.21 T 0.29

MOTIF DMRT2_1

letter-probability matrix: alength= 4 nsites=1000
0.0598	0.3851	0.2768	0.2783
0.7706	0.0031	0.1665	0.0598
0.4969	0.0031	0.1675	0.3325
0.6613	0.0031	0.0031	0.3325
0.2232	0.0031	0.1124	0.6613
0.0598	0.0031	0.1124	0.8247
0.0598	0.0031	0.9324	0.0047
0.5520	0.1675	0.0031	0.2774
0.0598	0.0031	0.0031	0.9340
0.9340	0.0582	0.0031	0.0047
0.0047	0.9875	0.0031	0.0047
0.9340	0.0031	0.0031	0.0598
0.2783	0.0031	0.0031	0.7154
0.0047	0.0031	0.0031	0.9891
0.0047	0.1124	0.6046	0.2783
0.3325	0.0031	0.0031	0.6613
