MEME version 4.4

ALPHABET= ACGT

strands: + -

Background letter frequencies:
A 0.29 C 0.21 G 0.21 T 0.29

MOTIF DUX4_1

letter-probability matrix: alength= 4 nsites=1000
0.0628	0.5446	0.1035	0.2892
0.3492	0.0504	0.4697	0.1307
0.7637	0.0179	0.1655	0.0529
0.0677	0.6666	0.1065	0.1592
0.0263	0.6568	0.0937	0.2232
0.0066	0.7326	0.0051	0.2557
0.9773	0.0110	0.0041	0.0076
0.9635	0.0267	0.0041	0.0057
0.0066	0.0110	0.0041	0.9783
0.0057	0.9669	0.0041	0.0234
0.9576	0.0041	0.0041	0.0342
0.8218	0.0346	0.0907	0.0529
0.0568	0.5229	0.1764	0.2439
0.2459	0.2502	0.2738	0.2301
0.3148	0.1862	0.3398	0.1592
0.2793	0.1970	0.1527	0.3709
0.2006	0.2896	0.3329	0.1769
