MEME version 4.4

ALPHABET= ACGT

strands: + -

Background letter frequencies:
A 0.29 C 0.21 G 0.21 T 0.29

MOTIF E2F2_2

letter-probability matrix: alength= 4 nsites=1000
0.6701	0.1291	0.1025	0.0982
0.8119	0.0090	0.1331	0.0460
0.9074	0.0031	0.0031	0.0864
0.9369	0.0100	0.0031	0.0500
0.8296	0.0149	0.0563	0.0992
0.1937	0.0031	0.0996	0.7036
0.0047	0.0238	0.9423	0.0293
0.0047	0.0031	0.9875	0.0047
0.0047	0.9787	0.0031	0.0135
0.0047	0.0031	0.9875	0.0047
0.0047	0.9875	0.0031	0.0047
0.0047	0.9875	0.0031	0.0047
0.9684	0.0169	0.0031	0.0116
0.9694	0.0031	0.0031	0.0244
0.9251	0.0090	0.0031	0.0628
0.7459	0.0139	0.0031	0.2370
0.3246	0.1527	0.0031	0.5195
0.2508	0.0553	0.5377	0.1563
