MEME version 4.4

ALPHABET= ACGT

strands: + -

Background letter frequencies:
A 0.29 C 0.21 G 0.21 T 0.29

MOTIF E2F2_4

letter-probability matrix: alength= 4 nsites=1000
0.9202	0.0031	0.0031	0.0736
0.9428	0.0031	0.0031	0.0509
0.9655	0.0031	0.0031	0.0283
0.6613	0.0228	0.0602	0.2557
0.2370	0.0169	0.1124	0.6337
0.0047	0.0809	0.8842	0.0303
0.0047	0.0031	0.9875	0.0047
0.0047	0.9875	0.0031	0.0047
0.0047	0.0031	0.9875	0.0047
0.0047	0.9875	0.0031	0.0047
0.0047	0.9009	0.0897	0.0047
0.7587	0.0661	0.0031	0.1720
0.3059	0.0189	0.0041	0.6711
0.1523	0.0031	0.0031	0.8414
0.0234	0.0031	0.0031	0.9704
0.1819	0.0622	0.0228	0.7332
