MEME version 4.4

ALPHABET= ACGT

strands: + -

Background letter frequencies:
A 0.29 C 0.21 G 0.21 T 0.29

MOTIF E2F_known23

letter-probability matrix: alength= 4 nsites=1000
0.3581	0.2118	0.2630	0.1671
0.3030	0.2532	0.1124	0.3315
0.4191	0.1124	0.2108	0.2577
0.7627	0.0651	0.0346	0.1376
0.3118	0.0533	0.4057	0.2291
0.1011	0.1419	0.7119	0.0450
0.0145	0.0169	0.9600	0.0086
0.0185	0.9639	0.0110	0.0066
0.0057	0.0159	0.9718	0.0066
0.0057	0.9265	0.0622	0.0057
0.0116	0.1035	0.8615	0.0234
0.0244	0.8871	0.0169	0.0716
0.1169	0.3447	0.4057	0.1326
0.3305	0.2788	0.0868	0.3039
0.3197	0.1370	0.0464	0.4969
