MEME version 4.4

ALPHABET= ACGT

strands: + -

Background letter frequencies:
A 0.29 C 0.21 G 0.21 T 0.29

MOTIF EBF1_known4

letter-probability matrix: alength= 4 nsites=1000
0.7125	0.0760	0.1094	0.1021
0.1681	0.1793	0.2158	0.4368
0.0244	0.1291	0.0031	0.8434
0.0047	0.9846	0.0051	0.0057
0.0066	0.9718	0.0061	0.0155
0.0047	0.9836	0.0031	0.0086
0.3630	0.2522	0.0435	0.3413
0.4998	0.0523	0.1360	0.3118
0.0175	0.0071	0.9708	0.0047
0.0677	0.0080	0.9196	0.0047
0.0086	0.0031	0.9698	0.0185
0.9153	0.0139	0.0523	0.0185
0.3896	0.3772	0.0956	0.1376
0.1641	0.2354	0.0543	0.5461
