MEME version 4.4

ALPHABET= ACGT

strands: + -

Background letter frequencies:
A 0.29 C 0.21 G 0.21 T 0.29

MOTIF EGR1_known6

letter-probability matrix: alength= 4 nsites=1000
0.1080	0.4097	0.2541	0.2281
0.6396	0.0671	0.1409	0.1523
0.2025	0.1665	0.3447	0.2862
0.3601	0.2551	0.1518	0.2331
0.2016	0.2404	0.2778	0.2803
0.2350	0.2049	0.3191	0.2409
0.2744	0.4579	0.1134	0.1543
0.0706	0.7099	0.0760	0.1435
0.1100	0.0858	0.6519	0.1523
0.0293	0.9551	0.0071	0.0086
0.0116	0.9708	0.0061	0.0116
0.0145	0.8674	0.0061	0.1120
0.6170	0.3526	0.0189	0.0116
0.0076	0.9679	0.0071	0.0175
0.1218	0.0297	0.7739	0.0746
0.0263	0.8123	0.0277	0.1336
0.7066	0.0829	0.1301	0.0805
0.1691	0.2492	0.1094	0.4723
0.2262	0.2217	0.1646	0.3876
0.2695	0.2226	0.2640	0.2439
0.1405	0.2285	0.1488	0.4821
0.1386	0.3034	0.1419	0.4162
0.2724	0.3181	0.2305	0.1789
