MEME version 4.4

ALPHABET= ACGT

strands: + -

Background letter frequencies:
A 0.29 C 0.21 G 0.21 T 0.29

MOTIF EGR1_known9

letter-probability matrix: alength= 4 nsites=1000
0.2724	0.2305	0.1153	0.3817
0.7312	0.2482	0.0051	0.0155
0.0116	0.9757	0.0051	0.0076
0.0224	0.0031	0.9698	0.0047
0.0047	0.9875	0.0031	0.0047
0.0047	0.9797	0.0031	0.0125
0.0047	0.9679	0.0031	0.0244
0.7873	0.2000	0.0080	0.0047
0.0047	0.9866	0.0031	0.0057
0.0047	0.0031	0.9866	0.0057
0.0047	0.9797	0.0031	0.0125
0.8533	0.0159	0.1065	0.0244
0.2941	0.2778	0.0661	0.3620
0.3030	0.1272	0.1094	0.4605
