MEME version 4.4

ALPHABET= ACGT

strands: + -

Background letter frequencies:
A 0.29 C 0.21 G 0.21 T 0.29

MOTIF ELF3_3

letter-probability matrix: alength= 4 nsites=1000
0.4624	0.1212	0.1075	0.3089
0.9103	0.0120	0.0061	0.0716
0.0440	0.7729	0.1606	0.0224
0.0933	0.8084	0.0937	0.0047
0.0864	0.9039	0.0051	0.0047
0.0057	0.0031	0.9866	0.0047
0.0047	0.0061	0.9816	0.0076
0.9871	0.0041	0.0041	0.0047
0.9763	0.0041	0.0031	0.0165
0.0637	0.0031	0.9236	0.0096
0.0194	0.0248	0.0100	0.9458
0.5766	0.0405	0.2669	0.1159
0.4841	0.1114	0.2571	0.1474
