MEME version 4.4

ALPHABET= ACGT

strands: + -

Background letter frequencies:
A 0.29 C 0.21 G 0.21 T 0.29

MOTIF EOMES_1

letter-probability matrix: alength= 4 nsites=1000
0.1878	0.2158	0.2965	0.3000
0.3000	0.2335	0.2650	0.2016
0.3177	0.2108	0.1833	0.2882
0.4802	0.0966	0.2443	0.1789
0.6485	0.0120	0.2610	0.0785
0.0992	0.0258	0.8330	0.0421
0.0076	0.0110	0.9639	0.0175
0.0076	0.0829	0.0041	0.9054
0.0116	0.0041	0.9777	0.0066
0.0440	0.1006	0.0061	0.8493
0.0135	0.0415	0.8340	0.1110
0.9734	0.0051	0.0120	0.0096
0.7824	0.1035	0.0307	0.0834
0.6446	0.1409	0.0917	0.1228
0.4201	0.2059	0.0750	0.2990
0.2153	0.2896	0.1350	0.3601
0.2035	0.2689	0.1774	0.3502
