MEME version 4.4

ALPHABET= ACGT

strands: + -

Background letter frequencies:
A 0.29 C 0.21 G 0.21 T 0.29

MOTIF EOMES_3

letter-probability matrix: alength= 4 nsites=1000
0.0352	0.0504	0.0228	0.8916
0.2508	0.5426	0.1577	0.0490
0.7144	0.0169	0.1961	0.0726
0.0047	0.9787	0.0051	0.0116
0.8434	0.0139	0.1370	0.0057
0.0372	0.9039	0.0395	0.0194
0.1386	0.5396	0.1596	0.1622
0.1090	0.1675	0.0523	0.6711
0.2724	0.1803	0.1705	0.3768
0.2232	0.2886	0.2522	0.2360
0.2488	0.2069	0.2650	0.2793
0.3719	0.0966	0.3103	0.2212
0.6524	0.0553	0.1734	0.1189
0.1553	0.1488	0.5446	0.1514
0.0263	0.0435	0.8871	0.0431
0.0116	0.2079	0.0238	0.7568
0.0066	0.0071	0.9807	0.0057
0.0805	0.1970	0.0238	0.6987
0.0500	0.0947	0.6912	0.1641
0.9035	0.0149	0.0553	0.0263
