MEME version 4.4

ALPHABET= ACGT

strands: + -

Background letter frequencies:
A 0.29 C 0.21 G 0.21 T 0.29

MOTIF EP300_known1

letter-probability matrix: alength= 4 nsites=1000
0.3000	0.1016	0.2984	0.3000
0.2498	0.4136	0.1675	0.1691
0.3837	0.2305	0.3063	0.0795
0.2675	0.0691	0.5278	0.1356
0.1277	0.0031	0.8645	0.0047
0.1277	0.0651	0.6184	0.1888
0.8040	0.0641	0.0651	0.0667
0.0047	0.0651	0.8645	0.0657
0.0657	0.0031	0.0031	0.9281
0.1897	0.0651	0.4953	0.2498
0.3128	0.2492	0.1882	0.2498
0.1897	0.1872	0.4343	0.1888
0.2675	0.2660	0.1340	0.3325
0.0746	0.3546	0.4254	0.1454
