MEME version 4.4

ALPHABET= ACGT

strands: + -

Background letter frequencies:
A 0.29 C 0.21 G 0.21 T 0.29

MOTIF ESRRA_known6

letter-probability matrix: alength= 4 nsites=1000
0.4742	0.1350	0.2079	0.1829
0.6485	0.0130	0.3339	0.0047
0.0047	0.0031	0.9364	0.0559
0.0076	0.0031	0.9846	0.0047
0.0047	0.0031	0.0080	0.9842
0.0066	0.9816	0.0031	0.0086
0.9300	0.0031	0.0622	0.0047
0.2084	0.6410	0.1035	0.0470
0.1701	0.2935	0.4471	0.0893
0.3778	0.1429	0.4540	0.0253
0.0047	0.0454	0.0051	0.9448
0.0076	0.0031	0.9846	0.0047
0.9852	0.0051	0.0051	0.0047
0.0047	0.9836	0.0071	0.0047
0.0362	0.9560	0.0031	0.0047
0.0047	0.2187	0.0139	0.7627
0.0716	0.1331	0.4018	0.3935
