MEME version 4.4

ALPHABET= ACGT

strands: + -

Background letter frequencies:
A 0.29 C 0.21 G 0.21 T 0.29

MOTIF ETS_known13

letter-probability matrix: alength= 4 nsites=1000
0.1897	0.3575	0.2069	0.2459
0.8690	0.0336	0.0838	0.0135
0.0057	0.8871	0.0563	0.0509
0.0657	0.0031	0.0071	0.9241
0.0047	0.0041	0.0041	0.9871
0.0047	0.9866	0.0031	0.0057
0.0047	0.9866	0.0031	0.0057
0.0057	0.0080	0.9757	0.0106
0.0057	0.4766	0.5121	0.0057
0.0125	0.9600	0.0061	0.0214
0.0086	0.0080	0.9767	0.0066
0.0066	0.0080	0.9787	0.0066
0.9684	0.0090	0.0149	0.0076
0.8877	0.0159	0.0080	0.0883
0.2212	0.1134	0.6509	0.0145
0.0637	0.3723	0.0701	0.4939
0.2390	0.1783	0.3920	0.1907
