MEME version 4.4

ALPHABET= ACGT

strands: + -

Background letter frequencies:
A 0.29 C 0.21 G 0.21 T 0.29

MOTIF ETS_known17

letter-probability matrix: alength= 4 nsites=1000
0.0637	0.0366	0.8704	0.0293
0.0431	0.9285	0.0238	0.0047
0.1346	0.8566	0.0041	0.0047
0.0066	0.0031	0.9856	0.0047
0.0047	0.0031	0.9875	0.0047
0.9743	0.0031	0.0080	0.0145
0.4191	0.0071	0.0031	0.5707
0.1386	0.0041	0.8468	0.0106
0.0076	0.2079	0.1084	0.6761
0.6062	0.2650	0.1242	0.0047
0.0057	0.9167	0.0051	0.0726
0.1356	0.0041	0.0031	0.8572
0.0076	0.0031	0.0031	0.9862
0.0057	0.9866	0.0031	0.0047
0.0057	0.9846	0.0041	0.0057
0.0116	0.0238	0.8930	0.0716
0.0214	0.1557	0.6765	0.1464
0.1937	0.3250	0.1340	0.3473
