MEME version 4.4

ALPHABET= ACGT

strands: + -

Background letter frequencies:
A 0.29 C 0.21 G 0.21 T 0.29

MOTIF ETV6_1

letter-probability matrix: alength= 4 nsites=1000
0.1002	0.6509	0.1724	0.0765
0.1425	0.7651	0.0533	0.0391
0.0185	0.0307	0.9255	0.0253
0.0490	0.0435	0.8891	0.0185
0.9684	0.0061	0.0090	0.0165
0.9566	0.0218	0.0120	0.0096
0.1080	0.3959	0.4914	0.0047
0.0283	0.8980	0.0051	0.0687
0.0106	0.0031	0.9816	0.0047
0.0057	0.0031	0.9866	0.0047
0.9684	0.0041	0.0218	0.0057
0.9822	0.0061	0.0051	0.0066
0.1061	0.0208	0.8674	0.0057
0.0086	0.3191	0.0189	0.6534
0.3473	0.1173	0.4530	0.0824
