MEME version 4.4

ALPHABET= ACGT

strands: + -

Background letter frequencies:
A 0.29 C 0.21 G 0.21 T 0.29

MOTIF EWSR1::FLI1_1

letter-probability matrix: alength= 4 nsites=1000
0.0047	0.0031	0.9875	0.0047
0.0234	0.0031	0.9688	0.0047
0.9793	0.0031	0.0130	0.0047
0.9793	0.0031	0.0130	0.0047
0.0145	0.0031	0.9777	0.0047
0.0234	0.0031	0.9590	0.0145
0.9704	0.0031	0.0218	0.0047
0.9606	0.0031	0.0317	0.0047
0.0047	0.0031	0.9777	0.0145
0.0047	0.0218	0.9688	0.0047
0.9330	0.0405	0.0218	0.0047
0.9891	0.0031	0.0031	0.0047
0.0047	0.0031	0.9875	0.0047
0.0047	0.0218	0.9688	0.0047
0.9419	0.0317	0.0031	0.0234
0.9606	0.0031	0.0218	0.0145
0.0509	0.0031	0.9127	0.0332
0.0332	0.0307	0.9127	0.0234
