MEME version 4.4

ALPHABET= ACGT

strands: + -

Background letter frequencies:
A 0.29 C 0.21 G 0.21 T 0.29

MOTIF FLI1_4

letter-probability matrix: alength= 4 nsites=1000
0.6081	0.0523	0.2059	0.1336
0.1002	0.8330	0.0553	0.0116
0.0805	0.9117	0.0031	0.0047
0.0057	0.0041	0.9846	0.0057
0.0047	0.0031	0.9875	0.0047
0.9871	0.0041	0.0031	0.0057
0.6465	0.0435	0.0031	0.3069
0.9094	0.0041	0.0789	0.0076
0.0057	0.0041	0.0031	0.9871
0.0047	0.9777	0.0130	0.0047
0.0086	0.9807	0.0061	0.0047
0.0057	0.0071	0.9344	0.0529
0.0401	0.0543	0.8359	0.0696
0.1632	0.2148	0.0484	0.5737
