MEME version 4.4

ALPHABET= ACGT

strands: + -

Background letter frequencies:
A 0.29 C 0.21 G 0.21 T 0.29

MOTIF FOXA_known6

letter-probability matrix: alength= 4 nsites=1000
0.0057	0.0041	0.0051	0.9852
0.2734	0.0071	0.7109	0.0086
0.0066	0.0041	0.0041	0.9852
0.0057	0.0071	0.0464	0.9409
0.0057	0.0041	0.2158	0.7745
0.8985	0.0080	0.0848	0.0086
0.0066	0.8842	0.0061	0.1031
0.4162	0.0966	0.0071	0.4802
0.0657	0.3260	0.0730	0.5353
0.5136	0.0100	0.0326	0.4437
0.1651	0.0681	0.5908	0.1760
0.1632	0.2423	0.3585	0.2360
