MEME version 4.4

ALPHABET= ACGT

strands: + -

Background letter frequencies:
A 0.29 C 0.21 G 0.21 T 0.29

MOTIF FOXB1_2

letter-probability matrix: alength= 4 nsites=1000
0.3620	0.0907	0.0464	0.5008
0.5963	0.0681	0.2236	0.1120
0.2508	0.0720	0.1272	0.5500
0.1287	0.0248	0.8172	0.0293
0.0155	0.1016	0.0071	0.8759
0.7056	0.2827	0.0051	0.0066
0.9409	0.0435	0.0041	0.0116
0.9586	0.0100	0.0080	0.0234
0.0066	0.0415	0.0051	0.9468
0.9546	0.0051	0.0336	0.0066
0.0263	0.0061	0.0120	0.9556
0.0273	0.0071	0.0189	0.9468
0.0450	0.0061	0.6735	0.2754
0.8926	0.0139	0.0641	0.0293
0.0431	0.7286	0.0287	0.1996
0.6396	0.0691	0.0622	0.2291
0.1356	0.2758	0.0632	0.5254
0.5107	0.0651	0.0947	0.3295
