MEME version 4.4

ALPHABET= ACGT

strands: + -

Background letter frequencies:
A 0.29 C 0.21 G 0.21 T 0.29

MOTIF FOXB1_1

letter-probability matrix: alength= 4 nsites=1000
0.1346	0.0829	0.6440	0.1386
0.7538	0.0829	0.0976	0.0657
0.9084	0.0100	0.0336	0.0480
0.0047	0.0189	0.0090	0.9674
0.0342	0.0031	0.9462	0.0165
0.9419	0.0238	0.0208	0.0135
0.0263	0.8655	0.0031	0.1051
0.9606	0.0071	0.0277	0.0047
0.0106	0.9590	0.0189	0.0116
0.5048	0.0701	0.3723	0.0529
0.1110	0.0218	0.8320	0.0352
0.1238	0.6962	0.1075	0.0726
0.1031	0.0592	0.6558	0.1819
0.5609	0.1980	0.1409	0.1002
