MEME version 4.4

ALPHABET= ACGT

strands: + -

Background letter frequencies:
A 0.29 C 0.21 G 0.21 T 0.29

MOTIF FOXI1_4

letter-probability matrix: alength= 4 nsites=1000
0.5707	0.0386	0.3349	0.0559
0.0175	0.0041	0.0031	0.9753
0.0706	0.0041	0.9196	0.0057
0.0047	0.0100	0.0031	0.9822
0.0194	0.0031	0.3044	0.6731
0.0066	0.0031	0.2010	0.7893
0.9812	0.0071	0.0031	0.0086
0.0066	0.9629	0.0061	0.0244
0.2104	0.0031	0.7808	0.0057
0.0175	0.0189	0.9393	0.0244
0.1366	0.0061	0.0061	0.8513
0.8523	0.1399	0.0031	0.0047
0.9763	0.0139	0.0031	0.0066
0.9497	0.0031	0.0159	0.0312
0.0116	0.9659	0.0041	0.0185
0.9350	0.0415	0.0051	0.0185
0.8119	0.0582	0.0366	0.0933
