MEME version 4.4

ALPHABET= ACGT

strands: + -

Background letter frequencies:
A 0.29 C 0.21 G 0.21 T 0.29

MOTIF FOXJ3_3

letter-probability matrix: alength= 4 nsites=1000
0.1533	0.0100	0.8320	0.0047
0.0480	0.0139	0.0051	0.9330
0.8405	0.0809	0.0189	0.0598
0.9606	0.0149	0.0149	0.0096
0.9487	0.0031	0.0031	0.0450
0.0293	0.8497	0.0179	0.1031
0.9576	0.0228	0.0031	0.0165
0.6347	0.0031	0.3575	0.0047
0.0421	0.0031	0.0031	0.9517
0.7066	0.2276	0.0425	0.0234
0.9487	0.0415	0.0051	0.0047
0.9399	0.0317	0.0031	0.0253
0.0224	0.9560	0.0031	0.0185
0.9566	0.0238	0.0031	0.0165
