MEME version 4.4

ALPHABET= ACGT

strands: + -

Background letter frequencies:
A 0.29 C 0.21 G 0.21 T 0.29

MOTIF FOXJ2_2

letter-probability matrix: alength= 4 nsites=1000
0.5953	0.2000	0.2000	0.0047
0.1691	0.3309	0.0031	0.4969
0.4969	0.4953	0.0031	0.0047
0.8247	0.0031	0.0031	0.1691
0.0047	0.3309	0.0031	0.6613
0.9891	0.0031	0.0031	0.0047
0.9891	0.0031	0.0031	0.0047
0.0047	0.1675	0.0031	0.8247
0.8247	0.0031	0.1675	0.0047
0.0047	0.1675	0.1665	0.6613
0.0047	0.1675	0.0031	0.8247
0.0047	0.0031	0.1675	0.8247
0.1691	0.0031	0.3309	0.4969
0.1691	0.1665	0.1675	0.4969
