MEME version 4.4

ALPHABET= ACGT

strands: + -

Background letter frequencies:
A 0.29 C 0.21 G 0.21 T 0.29

MOTIF FOXJ3_8

letter-probability matrix: alength= 4 nsites=1000
0.3118	0.0228	0.6519	0.0135
0.1080	0.1281	0.0218	0.7420
0.9163	0.0563	0.0149	0.0125
0.9645	0.0189	0.0080	0.0086
0.9734	0.0031	0.0169	0.0066
0.0175	0.8655	0.0061	0.1110
0.9094	0.0031	0.0829	0.0047
0.4388	0.0346	0.0169	0.5097
0.8985	0.0848	0.0071	0.0096
0.9507	0.0228	0.0061	0.0204
0.9635	0.0090	0.0189	0.0086
0.0628	0.8241	0.0051	0.1080
0.9665	0.0031	0.0169	0.0135
