MEME version 4.4

ALPHABET= ACGT

strands: + -

Background letter frequencies:
A 0.29 C 0.21 G 0.21 T 0.29

MOTIF FOXJ2_1

letter-probability matrix: alength= 4 nsites=1000
0.3404	0.2433	0.0514	0.3650
0.3404	0.2197	0.0750	0.3650
0.3404	0.2433	0.1951	0.2212
0.3650	0.1715	0.0750	0.3886
0.6770	0.2433	0.0750	0.0047
0.6288	0.0750	0.1715	0.1248
0.7725	0.0031	0.2197	0.0047
0.0047	0.3634	0.0031	0.6288
0.9891	0.0031	0.0031	0.0047
0.9891	0.0031	0.0031	0.0047
0.9891	0.0031	0.0031	0.0047
0.0047	0.6519	0.0031	0.3404
0.9655	0.0031	0.0267	0.0047
0.2931	0.2197	0.1468	0.3404
0.2685	0.2433	0.0514	0.4368
0.2685	0.2916	0.1715	0.2685
0.3886	0.2669	0.1715	0.1730
0.4368	0.1232	0.1468	0.2931
