MEME version 4.4

ALPHABET= ACGT

strands: + -

Background letter frequencies:
A 0.29 C 0.21 G 0.21 T 0.29

MOTIF FOXO6_3

letter-probability matrix: alength= 4 nsites=1000
0.1011	0.0829	0.1222	0.6938
0.1071	0.0395	0.0366	0.8168
0.0194	0.0248	0.0277	0.9281
0.0076	0.9688	0.0061	0.0175
0.0047	0.9777	0.0071	0.0106
0.0086	0.9797	0.0071	0.0047
0.0106	0.9620	0.0061	0.0214
0.9852	0.0051	0.0031	0.0066
0.0047	0.9856	0.0041	0.0057
0.9734	0.0080	0.0139	0.0047
0.0549	0.9068	0.0169	0.0214
0.1297	0.0405	0.7848	0.0450
0.6180	0.1980	0.0671	0.1169
0.0844	0.7316	0.1124	0.0716
