MEME version 4.4

ALPHABET= ACGT

strands: + -

Background letter frequencies:
A 0.29 C 0.21 G 0.21 T 0.29

MOTIF GATA_known16

letter-probability matrix: alength= 4 nsites=1000
0.1543	0.2620	0.2571	0.3266
0.2242	0.1144	0.2738	0.3876
0.2980	0.1380	0.1360	0.4280
0.2705	0.1114	0.2709	0.3473
0.2665	0.0917	0.2226	0.4191
0.6121	0.0917	0.1724	0.1238
0.1986	0.1094	0.4038	0.2882
0.7902	0.0494	0.0051	0.1553
0.0076	0.0051	0.9777	0.0096
0.9812	0.0061	0.0051	0.0076
0.0096	0.0061	0.0061	0.9783
0.9379	0.0120	0.0051	0.0450
0.9625	0.0071	0.0071	0.0234
0.0440	0.1153	0.8182	0.0224
0.7302	0.1321	0.1144	0.0234
0.4142	0.1075	0.3152	0.1632
0.3758	0.1715	0.1557	0.2970
0.1405	0.1970	0.2108	0.4516
0.3246	0.1242	0.2453	0.3059
0.4605	0.2069	0.1596	0.1730
0.3788	0.1892	0.3103	0.1218
0.2242	0.1587	0.3772	0.2399
