MEME version 4.4

ALPHABET= ACGT

strands: + -

Background letter frequencies:
A 0.29 C 0.21 G 0.21 T 0.29

MOTIF GCM1_3

letter-probability matrix: alength= 4 nsites=1000
0.6062	0.1134	0.2413	0.0391
0.0303	0.1114	0.0336	0.8247
0.4477	0.0346	0.5062	0.0116
0.1425	0.6233	0.0464	0.1878
0.0844	0.0130	0.5308	0.3719
0.0076	0.0051	0.9679	0.0194
0.0057	0.0100	0.9787	0.0057
0.0057	0.2532	0.0218	0.7194
0.5796	0.0080	0.4048	0.0076
0.0175	0.9580	0.0179	0.0066
0.0096	0.9679	0.0120	0.0106
0.3591	0.5042	0.0130	0.1238
0.0480	0.0435	0.7178	0.1907
0.0165	0.6814	0.0317	0.2705
0.7676	0.1173	0.0208	0.0943
0.1829	0.2128	0.1833	0.4211
