MEME version 4.4

ALPHABET= ACGT

strands: + -

Background letter frequencies:
A 0.29 C 0.21 G 0.21 T 0.29

MOTIF GCM1_1

letter-probability matrix: alength= 4 nsites=1000
0.2527	0.2079	0.1783	0.3610
0.3236	0.3319	0.2059	0.1386
0.3079	0.2758	0.3240	0.0923
0.2813	0.1715	0.1695	0.3778
0.7272	0.0336	0.2108	0.0283
0.0106	0.9787	0.0041	0.0066
0.0106	0.9787	0.0041	0.0066
0.0480	0.9255	0.0041	0.0224
0.0273	0.0602	0.8901	0.0224
0.0047	0.7779	0.0297	0.1878
0.9704	0.0061	0.0139	0.0096
0.0135	0.1114	0.0691	0.8060
0.2478	0.3093	0.2492	0.1937
0.2803	0.2118	0.2502	0.2577
0.2646	0.2689	0.1439	0.3226
0.2291	0.2118	0.2660	0.2931
