MEME version 4.4

ALPHABET= ACGT

strands: + -

Background letter frequencies:
A 0.29 C 0.21 G 0.21 T 0.29

MOTIF GFI1_1

letter-probability matrix: alength= 4 nsites=1000
0.3984	0.2000	0.2000	0.2016
0.3158	0.3142	0.2108	0.1592
0.3984	0.2788	0.1606	0.1622
0.3916	0.2138	0.2847	0.1100
0.3541	0.1941	0.2886	0.1632
0.3030	0.2719	0.2118	0.2134
0.1523	0.3477	0.1016	0.3984
0.7204	0.1380	0.0927	0.0490
0.9891	0.0031	0.0031	0.0047
0.9891	0.0031	0.0031	0.0047
0.0047	0.0031	0.0031	0.9891
0.0047	0.9875	0.0031	0.0047
0.6800	0.0415	0.0228	0.2557
0.1248	0.5258	0.2640	0.0854
0.4349	0.0031	0.1882	0.3738
0.0864	0.0848	0.7414	0.0874
0.0696	0.5593	0.0671	0.3039
0.3847	0.2266	0.1380	0.2508
0.2016	0.2246	0.2246	0.3492
0.3059	0.1675	0.2768	0.2498
0.1405	0.3427	0.1390	0.3778
0.1563	0.3063	0.3821	0.1553
0.3039	0.3457	0.1311	0.2193
0.1917	0.3309	0.2374	0.2399
