MEME version 4.4

ALPHABET= ACGT

strands: + -

Background letter frequencies:
A 0.29 C 0.21 G 0.21 T 0.29

MOTIF GLI2_2

letter-probability matrix: alength= 4 nsites=1000
0.1622	0.0868	0.6548	0.0962
0.0765	0.8054	0.0681	0.0500
0.0155	0.0100	0.9472	0.0273
0.8729	0.0927	0.0208	0.0135
0.0096	0.9738	0.0071	0.0096
0.0047	0.9797	0.0080	0.0076
0.9615	0.0179	0.0071	0.0135
0.0076	0.9748	0.0100	0.0076
0.4900	0.2679	0.1626	0.0795
0.1612	0.7178	0.0484	0.0726
0.2754	0.0504	0.0897	0.5845
0.3000	0.0799	0.5071	0.1130
