MEME version 4.4

ALPHABET= ACGT

strands: + -

Background letter frequencies:
A 0.29 C 0.21 G 0.21 T 0.29

MOTIF GLIS1_1

letter-probability matrix: alength= 4 nsites=1000
0.5294	0.3024	0.0189	0.1494
0.0047	0.0080	0.8793	0.1080
0.9871	0.0031	0.0041	0.0057
0.0047	0.9875	0.0031	0.0047
0.0057	0.9856	0.0031	0.0057
0.0047	0.9856	0.0051	0.0047
0.0057	0.9856	0.0041	0.0047
0.0047	0.9866	0.0031	0.0057
0.0057	0.9856	0.0041	0.0047
0.9655	0.0031	0.0258	0.0057
0.0047	0.9875	0.0031	0.0047
0.0057	0.0031	0.9816	0.0096
0.7302	0.0041	0.0071	0.2587
0.4063	0.1921	0.0031	0.3984
0.0057	0.0041	0.9836	0.0066
0.1386	0.4815	0.2138	0.1661
