MEME version 4.4

ALPHABET= ACGT

strands: + -

Background letter frequencies:
A 0.29 C 0.21 G 0.21 T 0.29

MOTIF GLIS2_1

letter-probability matrix: alength= 4 nsites=1000
0.1386	0.3132	0.1311	0.4171
0.3778	0.1488	0.1272	0.3463
0.3305	0.1724	0.1567	0.3404
0.2390	0.2679	0.2581	0.2350
0.0194	0.0750	0.7651	0.1405
0.8178	0.1094	0.0612	0.0116
0.0185	0.9531	0.0110	0.0175
0.0165	0.9639	0.0100	0.0096
0.0204	0.9501	0.0061	0.0234
0.0145	0.9600	0.0071	0.0185
0.0903	0.7956	0.0061	0.1080
0.1021	0.7523	0.0130	0.1326
0.4900	0.1774	0.1724	0.1602
0.1622	0.3260	0.1921	0.3197
0.4821	0.0888	0.2728	0.1563
0.2665	0.0888	0.3614	0.2833
