MEME version 4.4

ALPHABET= ACGT

strands: + -

Background letter frequencies:
A 0.29 C 0.21 G 0.21 T 0.29

MOTIF GMEB2_2

letter-probability matrix: alength= 4 nsites=1000
0.4831	0.0100	0.0769	0.4299
0.6810	0.0031	0.3103	0.0057
0.0076	0.9836	0.0041	0.0047
0.0057	0.0031	0.9856	0.0057
0.0047	0.0336	0.0031	0.9586
0.7243	0.0208	0.2492	0.0057
0.9192	0.0494	0.0071	0.0244
0.1061	0.6420	0.2177	0.0342
0.0165	0.8527	0.0130	0.1179
0.9556	0.0061	0.0317	0.0066
0.0047	0.9875	0.0031	0.0047
0.0047	0.0543	0.9354	0.0057
0.0047	0.1695	0.0041	0.8218
0.6642	0.0031	0.0071	0.3256
