MEME version 4.4

ALPHABET= ACGT

strands: + -

Background letter frequencies:
A 0.29 C 0.21 G 0.21 T 0.29

MOTIF GMEB1_1

letter-probability matrix: alength= 4 nsites=1000
0.1691	0.2640	0.3437	0.2232
0.3354	0.3122	0.1537	0.1986
0.1080	0.2315	0.3457	0.3148
0.1336	0.2158	0.2896	0.3610
0.1287	0.0740	0.4018	0.3955
0.0539	0.0415	0.3231	0.5815
0.6987	0.0120	0.2837	0.0057
0.0086	0.9748	0.0071	0.0096
0.0096	0.0071	0.9748	0.0086
0.0057	0.2837	0.0120	0.6987
0.5815	0.3231	0.0415	0.0539
0.3955	0.4018	0.0740	0.1287
0.2084	0.2345	0.3683	0.1888
0.4339	0.1459	0.1813	0.2390
0.1779	0.2591	0.2305	0.3325
0.2724	0.2128	0.3103	0.2045
0.2380	0.2502	0.2660	0.2459
