MEME version 4.4

ALPHABET= ACGT

strands: + -

Background letter frequencies:
A 0.29 C 0.21 G 0.21 T 0.29

MOTIF GMEB2_3

letter-probability matrix: alength= 4 nsites=1000
0.0834	0.2630	0.0996	0.5540
0.8739	0.0179	0.0917	0.0165
0.0066	0.9826	0.0051	0.0057
0.0057	0.0090	0.9600	0.0253
0.1071	0.1016	0.0080	0.7834
0.7912	0.0563	0.0779	0.0746
0.7263	0.1567	0.0917	0.0253
0.1258	0.6627	0.1055	0.1061
0.0677	0.2049	0.2197	0.5077
0.0283	0.2660	0.4107	0.2951
0.8483	0.0139	0.1094	0.0283
0.0125	0.9383	0.0415	0.0076
0.0076	0.0139	0.9531	0.0253
0.0352	0.2876	0.0258	0.6514
0.8306	0.0671	0.0681	0.0342
