MEME version 4.4

ALPHABET= ACGT

strands: + -

Background letter frequencies:
A 0.29 C 0.21 G 0.21 T 0.29

MOTIF GRHL1_1

letter-probability matrix: alength= 4 nsites=1000
0.5707	0.0415	0.2591	0.1287
0.8109	0.0386	0.0602	0.0903
0.0047	0.9236	0.0641	0.0076
0.0598	0.6400	0.0858	0.2144
0.1218	0.0868	0.5918	0.1996
0.0116	0.0090	0.9748	0.0047
0.2232	0.0819	0.0326	0.6623
0.2045	0.2630	0.0563	0.4762
0.2035	0.1616	0.1459	0.4890
0.5461	0.0641	0.1478	0.2419
0.6308	0.0267	0.0730	0.2695
0.0057	0.9856	0.0031	0.0057
0.1760	0.6046	0.0947	0.1248
0.1454	0.0317	0.7414	0.0815
0.0047	0.0258	0.9639	0.0057
0.1031	0.0356	0.0169	0.8444
0.0568	0.1518	0.0464	0.7450
