MEME version 4.4

ALPHABET= ACGT

strands: + -

Background letter frequencies:
A 0.29 C 0.21 G 0.21 T 0.29

MOTIF HAND1_1

letter-probability matrix: alength= 4 nsites=1000
0.4122	0.1724	0.1390	0.2764
0.3443	0.1724	0.1390	0.3443
0.2764	0.0710	0.2748	0.3778
0.1405	0.1390	0.4441	0.2764
0.1740	0.0710	0.6144	0.1405
0.1405	0.3427	0.2748	0.2419
0.3443	0.0031	0.5465	0.1061
0.0726	0.0710	0.0031	0.8533
0.0391	0.9196	0.0366	0.0047
0.0047	0.0031	0.0031	0.9891
0.0047	0.0031	0.9875	0.0047
0.0057	0.1045	0.8517	0.0381
0.3443	0.4441	0.0366	0.1750
0.5136	0.0366	0.1055	0.3443
0.2084	0.1724	0.1045	0.5146
0.1740	0.1724	0.1390	0.5146
