MEME version 4.4

ALPHABET= ACGT

strands: + -

Background letter frequencies:
A 0.29 C 0.21 G 0.21 T 0.29

MOTIF HBP1_1

letter-probability matrix: alength= 4 nsites=1000
0.3482	0.1774	0.1596	0.3148
0.2429	0.2994	0.2246	0.2331
0.3000	0.1774	0.1892	0.3335
0.4122	0.1419	0.1045	0.3413
0.0372	0.0208	0.0080	0.9340
0.0253	0.3290	0.6361	0.0096
0.9586	0.0051	0.0090	0.0273
0.9586	0.0061	0.0061	0.0293
0.0175	0.0071	0.0051	0.9704
0.0096	0.0228	0.9216	0.0460
0.7499	0.0061	0.2315	0.0125
0.8572	0.0415	0.0750	0.0263
0.1139	0.1163	0.0464	0.7233
0.1878	0.1557	0.4382	0.2183
0.3650	0.1537	0.2561	0.2252
0.2173	0.2601	0.2384	0.2842
