MEME version 4.4

ALPHABET= ACGT

strands: + -

Background letter frequencies:
A 0.29 C 0.21 G 0.21 T 0.29

MOTIF HDX_1

letter-probability matrix: alength= 4 nsites=1000
0.3118	0.2030	0.2128	0.2724
0.3404	0.1783	0.2561	0.2252
0.0509	0.0917	0.5111	0.3463
0.1976	0.1203	0.3496	0.3325
0.2951	0.3044	0.1587	0.2419
0.2153	0.0208	0.7168	0.0470
0.6957	0.2285	0.0523	0.0234
0.8188	0.0149	0.0641	0.1021
0.9103	0.0080	0.0297	0.0519
0.0234	0.0267	0.0317	0.9182
0.0342	0.8862	0.0454	0.0342
0.8552	0.0474	0.0169	0.0805
0.1789	0.2167	0.1567	0.4477
0.2291	0.3231	0.2039	0.2439
0.1425	0.2975	0.3044	0.2557
0.3374	0.3437	0.0602	0.2587
0.4014	0.2276	0.1921	0.1789
