MEME version 4.4

ALPHABET= ACGT

strands: + -

Background letter frequencies:
A 0.29 C 0.21 G 0.21 T 0.29

MOTIF HESX1_2

letter-probability matrix: alength= 4 nsites=1000
0.1878	0.3418	0.1350	0.3354
0.0204	0.0248	0.0110	0.9438
0.9438	0.0041	0.0179	0.0342
0.9812	0.0031	0.0080	0.0076
0.0135	0.0061	0.0139	0.9665
0.0214	0.0159	0.0198	0.9428
0.2911	0.0041	0.6942	0.0106
0.1159	0.0031	0.7976	0.0834
0.0145	0.5938	0.0130	0.3788
0.8887	0.0376	0.0277	0.0460
0.9192	0.0336	0.0267	0.0204
0.0204	0.0238	0.0080	0.9478
0.0677	0.0336	0.0080	0.8907
0.9428	0.0051	0.0218	0.0303
0.3620	0.0779	0.3191	0.2409
