MEME version 4.4

ALPHABET= ACGT

strands: + -

Background letter frequencies:
A 0.29 C 0.21 G 0.21 T 0.29

MOTIF HIC1_4

letter-probability matrix: alength= 4 nsites=1000
0.3660	0.0533	0.5308	0.0500
0.0047	0.0071	0.0071	0.9812
0.0450	0.0051	0.9442	0.0057
0.0047	0.9777	0.0130	0.0047
0.0066	0.9846	0.0041	0.0047
0.8424	0.1075	0.0061	0.0440
0.3207	0.2581	0.3811	0.0401
0.0214	0.8999	0.0356	0.0431
0.0647	0.5780	0.0799	0.2774
0.0637	0.3093	0.1902	0.4368
0.5491	0.0149	0.4126	0.0234
0.0047	0.0071	0.0041	0.9842
0.0450	0.0071	0.9432	0.0047
0.0047	0.9688	0.0198	0.0066
0.0057	0.9728	0.0169	0.0047
0.7627	0.2000	0.0061	0.0312
0.4309	0.2089	0.2404	0.1198
0.0332	0.8606	0.0297	0.0765
