MEME version 4.4

ALPHABET= ACGT

strands: + -

Background letter frequencies:
A 0.29 C 0.21 G 0.21 T 0.29

MOTIF HIC1_2

letter-probability matrix: alength= 4 nsites=1000
0.0647	0.3112	0.3408	0.2833
0.2803	0.2197	0.2788	0.2212
0.2803	0.1902	0.4363	0.0933
0.0047	0.2197	0.6824	0.0933
0.1917	0.0622	0.6233	0.1228
0.0933	0.1212	0.4067	0.3788
0.0047	0.0031	0.0031	0.9891
0.0047	0.0031	0.9875	0.0047
0.0047	0.9875	0.0031	0.0047
0.1937	0.5898	0.1222	0.0943
0.0637	0.6528	0.2197	0.0637
0.0647	0.3112	0.5298	0.0943
0.1917	0.4658	0.2788	0.0637
0.3098	0.1902	0.3083	0.1917
0.1228	0.3083	0.3772	0.1917
0.0637	0.2492	0.4953	0.1917
0.1897	0.4028	0.2473	0.1602
0.0637	0.4067	0.3083	0.2212
