MEME version 4.4

ALPHABET= ACGT

strands: + -

Background letter frequencies:
A 0.29 C 0.21 G 0.21 T 0.29

MOTIF HIC1_3

letter-probability matrix: alength= 4 nsites=1000
0.2764	0.2108	0.2492	0.2636
0.1376	0.3260	0.2177	0.3187
0.1484	0.2413	0.2660	0.3443
0.6514	0.0120	0.3132	0.0234
0.0066	0.0080	0.0051	0.9802
0.0460	0.0041	0.9432	0.0066
0.0057	0.9629	0.0248	0.0066
0.0066	0.9797	0.0061	0.0076
0.9113	0.0740	0.0041	0.0106
0.5776	0.2118	0.1163	0.0943
0.0106	0.9167	0.0307	0.0421
0.0312	0.7907	0.0563	0.1218
0.2055	0.1911	0.1695	0.4339
0.4004	0.1547	0.2896	0.1553
0.2025	0.4107	0.1459	0.2409
0.2419	0.3309	0.1439	0.2833
