MEME version 4.4

ALPHABET= ACGT

strands: + -

Background letter frequencies:
A 0.29 C 0.21 G 0.21 T 0.29

MOTIF HINFP_4

letter-probability matrix: alength= 4 nsites=1000
0.0470	0.0139	0.9344	0.0047
0.0066	0.9846	0.0031	0.0057
0.0047	0.0031	0.9875	0.0047
0.0047	0.0080	0.9767	0.0106
0.9842	0.0080	0.0031	0.0047
0.0047	0.9856	0.0041	0.0057
0.0047	0.2817	0.7090	0.0047
0.0352	0.2236	0.1980	0.5432
0.0411	0.1459	0.2335	0.5796
0.0145	0.4894	0.4609	0.0352
0.5510	0.1862	0.1734	0.0893
0.5353	0.1035	0.3418	0.0194
0.0066	0.7926	0.1961	0.0047
0.0047	0.0031	0.9875	0.0047
0.0047	0.0051	0.0110	0.9793
0.0066	0.9856	0.0031	0.0047
0.0047	0.9866	0.0031	0.0057
0.0047	0.0041	0.9866	0.0047
0.0086	0.9698	0.0159	0.0057
