MEME version 4.4

ALPHABET= ACGT

strands: + -

Background letter frequencies:
A 0.29 C 0.21 G 0.21 T 0.29

MOTIF HINFP_3

letter-probability matrix: alength= 4 nsites=1000
0.0224	0.0041	0.9629	0.0106
0.0047	0.9875	0.0031	0.0047
0.0047	0.0031	0.9875	0.0047
0.0047	0.0031	0.9846	0.0076
0.9862	0.0041	0.0031	0.0066
0.0047	0.9866	0.0041	0.0047
0.0047	0.1153	0.8714	0.0086
0.0096	0.2975	0.1340	0.5589
0.0765	0.3280	0.1222	0.4733
0.1002	0.2601	0.6253	0.0145
0.0145	0.6912	0.0523	0.2419
0.7174	0.0179	0.2217	0.0431
0.5304	0.1626	0.2955	0.0116
0.0047	0.8291	0.1616	0.0047
0.0047	0.0031	0.9866	0.0057
0.0086	0.0031	0.0051	0.9832
0.0047	0.9875	0.0031	0.0047
0.0057	0.9866	0.0031	0.0047
0.0047	0.0051	0.9846	0.0057
0.0066	0.9698	0.0100	0.0135
