MEME version 4.4

ALPHABET= ACGT

strands: + -

Background letter frequencies:
A 0.29 C 0.21 G 0.21 T 0.29

MOTIF HLF_4

letter-probability matrix: alength= 4 nsites=1000
0.1297	0.2354	0.3181	0.3167
0.5077	0.0622	0.4087	0.0214
0.0165	0.0051	0.0307	0.9478
0.0204	0.0031	0.0051	0.9714
0.9763	0.0120	0.0031	0.0086
0.0047	0.9344	0.0031	0.0578
0.1258	0.0031	0.8665	0.0047
0.0135	0.0228	0.0031	0.9606
0.9103	0.0031	0.0031	0.0834
0.9743	0.0071	0.0051	0.0135
0.0116	0.5524	0.0228	0.4132
0.3847	0.3861	0.1065	0.1228
