MEME version 4.4

ALPHABET= ACGT

strands: + -

Background letter frequencies:
A 0.29 C 0.21 G 0.21 T 0.29

MOTIF HMX2_1

letter-probability matrix: alength= 4 nsites=1000
0.4929	0.2010	0.2345	0.0716
0.1897	0.4382	0.2325	0.1395
0.5422	0.1902	0.1715	0.0962
0.7597	0.0582	0.1222	0.0598
0.1691	0.1527	0.5682	0.1100
0.0135	0.9629	0.0061	0.0175
0.8395	0.0041	0.1468	0.0096
0.8434	0.1321	0.0100	0.0145
0.0096	0.0071	0.0041	0.9793
0.0194	0.0573	0.0041	0.9192
0.9251	0.0041	0.0139	0.0568
0.8818	0.0139	0.0258	0.0785
0.3601	0.1862	0.1114	0.3423
0.2488	0.2079	0.4048	0.1386
0.4122	0.2660	0.2660	0.0559
0.4693	0.1065	0.2453	0.1789
0.0972	0.0730	0.0947	0.7351
