MEME version 4.4

ALPHABET= ACGT

strands: + -

Background letter frequencies:
A 0.29 C 0.21 G 0.21 T 0.29

MOTIF HNF1_2

letter-probability matrix: alength= 4 nsites=1000
0.4073	0.0031	0.2748	0.3148
0.0047	0.0031	0.9875	0.0047
0.0047	0.1774	0.1744	0.6436
0.0047	0.2098	0.0031	0.7824
0.8966	0.0031	0.0956	0.0047
0.8178	0.0031	0.0848	0.0943
0.1120	0.0031	0.0031	0.8818
0.0047	0.2020	0.3683	0.4250
0.8247	0.0888	0.0031	0.0834
0.4112	0.0031	0.0819	0.5038
0.0047	0.0031	0.0031	0.9891
0.4683	0.1744	0.1065	0.2508
0.7322	0.0031	0.1065	0.1582
0.3217	0.6706	0.0031	0.0047
0.1080	0.6085	0.0041	0.2793
0.6357	0.0779	0.0031	0.2833
0.5392	0.3565	0.0996	0.0047
