MEME version 4.4

ALPHABET= ACGT

strands: + -

Background letter frequencies:
A 0.29 C 0.21 G 0.21 T 0.29

MOTIF HNF1_3

letter-probability matrix: alength= 4 nsites=1000
0.2941	0.0897	0.1193	0.4969
0.2655	0.0317	0.4953	0.2075
0.1208	0.0317	0.7267	0.1208
0.0047	0.0612	0.0031	0.9310
0.0913	0.0612	0.0612	0.7863
0.8158	0.0612	0.0317	0.0913
0.6416	0.2345	0.0326	0.0913
0.0047	0.0031	0.0031	0.9891
0.3807	0.1488	0.2345	0.2360
0.5550	0.0897	0.1193	0.2360
0.0913	0.0612	0.0612	0.7863
0.0332	0.2345	0.0622	0.6701
0.5254	0.0907	0.1478	0.2360
0.4979	0.1478	0.1764	0.1779
0.1208	0.5534	0.0612	0.2646
0.3522	0.1764	0.1764	0.2951
0.2075	0.2059	0.4087	0.1779
0.2941	0.2640	0.1183	0.3236
