MEME version 4.4

ALPHABET= ACGT

strands: + -

Background letter frequencies:
A 0.29 C 0.21 G 0.21 T 0.29

MOTIF HNF1B_2

letter-probability matrix: alength= 4 nsites=1000
0.3138	0.1449	0.2640	0.2774
0.1602	0.1842	0.3664	0.2892
0.1386	0.3969	0.1449	0.3197
0.1769	0.1892	0.2925	0.3413
0.0637	0.0523	0.8291	0.0549
0.0657	0.0346	0.0189	0.8808
0.0155	0.0090	0.0061	0.9694
0.9497	0.0061	0.0051	0.0391
0.9704	0.0110	0.0080	0.0106
0.0116	0.9403	0.0159	0.0322
0.0145	0.1557	0.0198	0.8099
0.8857	0.0159	0.0317	0.0667
0.2783	0.1360	0.5514	0.0342
0.1661	0.3605	0.2108	0.2626
0.2252	0.3329	0.1232	0.3187
0.0500	0.3191	0.3772	0.2537
0.1543	0.1626	0.1527	0.5304
