MEME version 4.4

ALPHABET= ACGT

strands: + -

Background letter frequencies:
A 0.29 C 0.21 G 0.21 T 0.29

MOTIF HNF4_known12

letter-probability matrix: alength= 4 nsites=1000
0.0421	0.3437	0.2679	0.3463
0.1179	0.3821	0.2305	0.2695
0.2321	0.3437	0.2305	0.1937
0.1563	0.3437	0.2679	0.2321
0.1937	0.3821	0.3063	0.1179
0.0421	0.0415	0.0405	0.8759
0.0421	0.0031	0.9501	0.0047
0.6859	0.1547	0.1547	0.0047
0.1947	0.6843	0.0031	0.1179
0.0047	0.9875	0.0031	0.0047
0.0047	0.3437	0.0031	0.6485
0.0047	0.2679	0.0789	0.6485
0.1179	0.0415	0.1163	0.7243
0.2321	0.2305	0.5327	0.0047
0.2321	0.4195	0.2679	0.0805
0.3453	0.4579	0.0789	0.1179
0.1179	0.7227	0.1163	0.0431
0.1937	0.2679	0.2305	0.3079
0.0805	0.4953	0.0789	0.3453
0.0805	0.1921	0.2679	0.4595
0.1563	0.1547	0.4953	0.1937
0.3079	0.5711	0.0405	0.0805
0.1553	0.3821	0.1547	0.3079
