MEME version 4.4

ALPHABET= ACGT

strands: + -

Background letter frequencies:
A 0.29 C 0.21 G 0.21 T 0.29

MOTIF HNF4_known15

letter-probability matrix: alength= 4 nsites=1000
0.2252	0.2788	0.2512	0.2449
0.2006	0.1911	0.2669	0.3413
0.1523	0.3181	0.2059	0.3236
0.2754	0.3004	0.2384	0.1858
0.4368	0.3290	0.0238	0.2104
0.1366	0.0307	0.8222	0.0106
0.1435	0.0061	0.8438	0.0066
0.0076	0.0051	0.9748	0.0125
0.0096	0.0041	0.8734	0.1130
0.0086	0.0051	0.0189	0.9674
0.0066	0.9639	0.0071	0.0224
0.8720	0.0917	0.0287	0.0076
0.7282	0.1084	0.0848	0.0785
0.1661	0.3142	0.1813	0.3384
0.2291	0.1764	0.1587	0.4359
0.2340	0.1941	0.3250	0.2468
0.3197	0.3112	0.1961	0.1730
