MEME version 4.4

ALPHABET= ACGT

strands: + -

Background letter frequencies:
A 0.29 C 0.21 G 0.21 T 0.29

MOTIF HNF4_known22

letter-probability matrix: alength= 4 nsites=1000
0.3010	0.0956	0.5249	0.0785
0.3128	0.0071	0.6745	0.0057
0.0057	0.0031	0.9866	0.0047
0.0391	0.0051	0.8369	0.1189
0.0293	0.0139	0.0966	0.8601
0.0047	0.9639	0.0041	0.0273
0.9596	0.0031	0.0326	0.0047
0.9743	0.0031	0.0159	0.0066
0.9793	0.0031	0.0130	0.0047
0.0047	0.0031	0.9866	0.0057
0.0047	0.0041	0.0041	0.9871
0.0244	0.7995	0.0228	0.1533
0.0047	0.9521	0.0031	0.0401
0.8267	0.0100	0.1340	0.0293
0.4142	0.2148	0.2167	0.1543
0.1986	0.2059	0.1754	0.4201
