MEME version 4.4

ALPHABET= ACGT

strands: + -

Background letter frequencies:
A 0.29 C 0.21 G 0.21 T 0.29

MOTIF HOMEZ_1

letter-probability matrix: alength= 4 nsites=1000
0.5806	0.0592	0.1754	0.1848
0.3443	0.1715	0.1449	0.3394
0.4939	0.1134	0.0888	0.3039
0.4546	0.1360	0.0356	0.3738
0.3423	0.4176	0.1715	0.0687
0.8641	0.0336	0.0071	0.0952
0.0116	0.0159	0.0090	0.9635
0.0401	0.9364	0.0071	0.0165
0.0194	0.0080	0.9541	0.0185
0.2104	0.0110	0.0248	0.7538
0.0421	0.0218	0.0317	0.9044
0.1602	0.0297	0.0238	0.7863
0.1425	0.1370	0.1193	0.6012
0.1277	0.2335	0.1833	0.4555
0.5205	0.1911	0.0523	0.2360
0.3738	0.0514	0.2906	0.2842
0.2685	0.1665	0.3073	0.2577
