MEME version 4.4

ALPHABET= ACGT

strands: + -

Background letter frequencies:
A 0.29 C 0.21 G 0.21 T 0.29

MOTIF HOMEZ_2

letter-probability matrix: alength= 4 nsites=1000
0.6081	0.1163	0.1281	0.1474
0.8129	0.0179	0.0425	0.1267
0.8483	0.0130	0.0346	0.1041
0.8405	0.0425	0.0051	0.1120
0.0303	0.9570	0.0080	0.0047
0.0185	0.0198	0.9186	0.0431
0.9773	0.0031	0.0090	0.0106
0.1573	0.0149	0.0553	0.7725
0.1218	0.0720	0.1144	0.6918
0.6711	0.0297	0.0405	0.2587
0.3532	0.0868	0.0494	0.5107
0.5658	0.1419	0.0523	0.2399
