MEME version 4.4

ALPHABET= ACGT

strands: + -

Background letter frequencies:
A 0.29 C 0.21 G 0.21 T 0.29

MOTIF HOXA5_1

letter-probability matrix: alength= 4 nsites=1000
0.1031	0.2000	0.1016	0.5953
0.0047	0.2000	0.6922	0.1031
0.1031	0.6922	0.1016	0.1031
0.3000	0.3969	0.1016	0.2016
0.3984	0.2984	0.0031	0.3000
0.3984	0.2000	0.1016	0.3000
0.1031	0.4953	0.2000	0.2016
0.3000	0.2000	0.0031	0.4969
0.1031	0.3969	0.1016	0.3984
0.1031	0.8891	0.0031	0.0047
0.1031	0.5938	0.1016	0.2016
0.1031	0.4953	0.0031	0.3984
0.2016	0.6922	0.0031	0.1031
0.9891	0.0031	0.0031	0.0047
0.0047	0.0031	0.0031	0.9891
0.0047	0.0031	0.0031	0.9891
0.9891	0.0031	0.0031	0.0047
0.0047	0.2000	0.4953	0.3000
0.0047	0.2000	0.0031	0.7922
0.2016	0.2000	0.4953	0.1031
0.2016	0.2984	0.2984	0.2016
0.3000	0.0031	0.2984	0.3984
0.2016	0.4953	0.1016	0.2016
0.3000	0.2000	0.3969	0.1031
0.3984	0.3969	0.1016	0.1031
0.2016	0.3969	0.2984	0.1031
0.3000	0.2984	0.0031	0.3984
0.1031	0.4953	0.0031	0.3984
0.1031	0.6922	0.1016	0.1031
0.3984	0.2000	0.2000	0.2016
