MEME version 4.4

ALPHABET= ACGT

strands: + -

Background letter frequencies:
A 0.29 C 0.21 G 0.21 T 0.29

MOTIF HOXD12_1

letter-probability matrix: alength= 4 nsites=1000
0.1937	0.3496	0.1084	0.3482
0.4004	0.1970	0.1518	0.2508
0.3679	0.1931	0.2266	0.2124
0.2577	0.2601	0.3782	0.1041
0.1100	0.0691	0.8153	0.0057
0.0057	0.0248	0.0041	0.9655
0.0244	0.9560	0.0031	0.0165
0.1218	0.0041	0.8684	0.0057
0.0076	0.0051	0.0051	0.9822
0.9123	0.0061	0.0031	0.0785
0.9734	0.0041	0.0041	0.0185
0.9714	0.0071	0.0041	0.0175
0.5707	0.1508	0.0297	0.2488
0.1927	0.2098	0.1016	0.4959
0.1907	0.3664	0.1813	0.2616
0.2665	0.2030	0.1803	0.3502
0.2173	0.1429	0.2453	0.3945
