MEME version 4.4

ALPHABET= ACGT

strands: + -

Background letter frequencies:
A 0.29 C 0.21 G 0.21 T 0.29

MOTIF HSFY2_1

letter-probability matrix: alength= 4 nsites=1000
0.2331	0.0917	0.0750	0.6003
0.1701	0.0228	0.0454	0.7617
0.1277	0.7828	0.0789	0.0106
0.0076	0.0750	0.7690	0.1484
0.8916	0.0632	0.0100	0.0352
0.6997	0.0474	0.0317	0.2212
0.3443	0.2994	0.1331	0.2232
0.2646	0.3969	0.2335	0.1051
0.3984	0.1222	0.4185	0.0608
0.2774	0.0730	0.0602	0.5894
0.0628	0.0484	0.0198	0.8690
0.1356	0.8113	0.0454	0.0076
0.0047	0.1498	0.6883	0.1573
0.8306	0.0809	0.0277	0.0608
0.6298	0.0878	0.0710	0.2114
