MEME version 4.4

ALPHABET= ACGT

strands: + -

Background letter frequencies:
A 0.29 C 0.21 G 0.21 T 0.29

MOTIF IRF4_1

letter-probability matrix: alength= 4 nsites=1000
0.3030	0.3870	0.1626	0.1474
0.2636	0.1114	0.4619	0.1632
0.3138	0.0819	0.1715	0.4329
0.6524	0.0445	0.0573	0.2459
0.1769	0.2797	0.0710	0.4723
0.0194	0.8812	0.0080	0.0913
0.0165	0.0051	0.9708	0.0076
0.9753	0.0090	0.0080	0.0076
0.9241	0.0051	0.0061	0.0647
0.9773	0.0061	0.0051	0.0116
0.0253	0.9344	0.0297	0.0106
0.0332	0.5633	0.0208	0.3827
0.3955	0.1350	0.3221	0.1474
0.3266	0.2778	0.1980	0.1976
0.5028	0.1439	0.1665	0.1868
