MEME version 4.4

ALPHABET= ACGT

strands: + -

Background letter frequencies:
A 0.29 C 0.21 G 0.21 T 0.29

MOTIF IRF_known4

letter-probability matrix: alength= 4 nsites=1000
0.1454	0.1439	0.1439	0.5668
0.4270	0.1429	0.2847	0.1454
0.0943	0.3614	0.5396	0.0047
0.1100	0.0730	0.7769	0.0401
0.9192	0.0031	0.0730	0.0047
0.9891	0.0031	0.0031	0.0047
0.6022	0.0031	0.0031	0.3916
0.1454	0.1793	0.2138	0.4614
0.0047	0.5652	0.1439	0.2862
0.0746	0.0386	0.8468	0.0401
0.9537	0.0031	0.0031	0.0401
0.9192	0.0730	0.0031	0.0047
0.6731	0.0376	0.1084	0.1809
0.1809	0.2138	0.3546	0.2508
0.1139	0.2581	0.0395	0.5884
0.1228	0.2000	0.3181	0.3591
0.2803	0.1212	0.3969	0.2016
0.2016	0.3181	0.3575	0.1228
