MEME version 4.4

ALPHABET= ACGT

strands: + -

Background letter frequencies:
A 0.29 C 0.21 G 0.21 T 0.29

MOTIF IRF_known10

letter-probability matrix: alength= 4 nsites=1000
0.0047	0.3309	0.5770	0.0874
0.1691	0.0031	0.8231	0.0047
0.9891	0.0031	0.0031	0.0047
0.9074	0.0031	0.0031	0.0864
0.9891	0.0031	0.0031	0.0047
0.1691	0.0031	0.8231	0.0047
0.0047	0.4953	0.0031	0.4969
0.0047	0.0031	0.9875	0.0047
0.9891	0.0031	0.0031	0.0047
0.9891	0.0031	0.0031	0.0047
0.9891	0.0031	0.0031	0.0047
0.0047	0.4953	0.4953	0.0047
0.0047	0.5770	0.1675	0.2508
0.4152	0.1665	0.2492	0.1691
0.4969	0.0031	0.1675	0.3325
0.4969	0.0848	0.0848	0.3335
0.4152	0.1675	0.0848	0.3325
0.2508	0.4953	0.0848	0.1691
