MEME version 4.4

ALPHABET= ACGT

strands: + -

Background letter frequencies:
A 0.29 C 0.21 G 0.21 T 0.29

MOTIF IRF_known18

letter-probability matrix: alength= 4 nsites=1000
0.4782	0.1203	0.3171	0.0844
0.8040	0.0139	0.0710	0.1110
0.7420	0.0888	0.0415	0.1277
0.3335	0.2364	0.1705	0.2596
0.1090	0.7729	0.0760	0.0421
0.0519	0.0041	0.9383	0.0057
0.9862	0.0031	0.0061	0.0047
0.9793	0.0031	0.0031	0.0145
0.9832	0.0041	0.0031	0.0096
0.5491	0.0927	0.0041	0.3541
0.0066	0.0218	0.0090	0.9625
0.0145	0.9472	0.0041	0.0342
0.0687	0.0701	0.7995	0.0618
0.3108	0.2108	0.2177	0.2606
0.1208	0.0484	0.0710	0.7597
0.1208	0.0779	0.0179	0.7834
0.1159	0.3132	0.1065	0.4644
