MEME version 4.4

ALPHABET= ACGT

strands: + -

Background letter frequencies:
A 0.29 C 0.21 G 0.21 T 0.29

MOTIF IRF_known21

letter-probability matrix: alength= 4 nsites=1000
0.9340	0.0169	0.0149	0.0342
0.5697	0.1203	0.0514	0.2587
0.0175	0.9334	0.0130	0.0362
0.0165	0.0041	0.9738	0.0057
0.9871	0.0041	0.0041	0.0047
0.9881	0.0031	0.0031	0.0057
0.9881	0.0041	0.0031	0.0047
0.0165	0.9216	0.0553	0.0066
0.0076	0.7946	0.0031	0.1947
0.0057	0.0031	0.9866	0.0047
0.9881	0.0041	0.0031	0.0047
0.9832	0.0031	0.0031	0.0106
0.9881	0.0031	0.0031	0.0057
0.0057	0.9226	0.0661	0.0057
0.0322	0.3142	0.0051	0.6485
