MEME version 4.4

ALPHABET= ACGT

strands: + -

Background letter frequencies:
A 0.29 C 0.21 G 0.21 T 0.29

MOTIF IRF_known14

letter-probability matrix: alength= 4 nsites=1000
0.2035	0.2689	0.3437	0.1838
0.1592	0.3083	0.4008	0.1317
0.3246	0.0297	0.5623	0.0834
0.5658	0.0041	0.3979	0.0322
0.7548	0.0061	0.1459	0.0933
0.9497	0.0139	0.0130	0.0234
0.3433	0.3526	0.1360	0.1681
0.0125	0.1961	0.7070	0.0844
0.0096	0.0041	0.9807	0.0057
0.9842	0.0041	0.0061	0.0057
0.9822	0.0041	0.0061	0.0076
0.9694	0.0051	0.0051	0.0204
0.0244	0.8724	0.0573	0.0460
0.0332	0.7306	0.1380	0.0982
0.0185	0.0031	0.9738	0.0047
0.9763	0.0100	0.0080	0.0057
0.9606	0.0061	0.0051	0.0283
0.9438	0.0071	0.0061	0.0431
0.0303	0.7936	0.1488	0.0273
0.1090	0.2984	0.1153	0.4772
0.3532	0.0907	0.4510	0.1051
