MEME version 4.4

ALPHABET= ACGT

strands: + -

Background letter frequencies:
A 0.29 C 0.21 G 0.21 T 0.29

MOTIF IRX6_1

letter-probability matrix: alength= 4 nsites=1000
0.3561	0.1823	0.1212	0.3404
0.5372	0.1340	0.1203	0.2084
0.4004	0.1626	0.1173	0.3197
0.3108	0.1655	0.2827	0.2409
0.1996	0.0100	0.0336	0.7568
0.9369	0.0169	0.0139	0.0322
0.0116	0.9462	0.0110	0.0312
0.9369	0.0051	0.0189	0.0391
0.0391	0.0189	0.0051	0.9369
0.0312	0.0110	0.9462	0.0116
0.0322	0.0130	0.0179	0.9369
0.7568	0.0336	0.0100	0.1996
0.3719	0.2650	0.1823	0.1809
0.3984	0.1035	0.2138	0.2842
0.4752	0.1114	0.1163	0.2970
0.3187	0.2148	0.2118	0.2547
0.1336	0.0651	0.0720	0.7292
