MEME version 4.4

ALPHABET= ACGT

strands: + -

Background letter frequencies:
A 0.29 C 0.21 G 0.21 T 0.29

MOTIF ISX_2

letter-probability matrix: alength= 4 nsites=1000
0.1612	0.2650	0.1705	0.4034
0.0332	0.0169	0.0159	0.9340
0.8926	0.0110	0.0307	0.0657
0.9202	0.0287	0.0395	0.0116
0.0667	0.1006	0.0691	0.7637
0.0106	0.6312	0.0612	0.2970
0.0086	0.1291	0.0612	0.8011
0.9783	0.0071	0.0080	0.0066
0.9832	0.0071	0.0051	0.0047
0.0047	0.0071	0.0031	0.9852
0.0066	0.0041	0.0061	0.9832
0.9517	0.0051	0.0198	0.0234
0.3807	0.1715	0.2925	0.1553
