MEME version 4.4

ALPHABET= ACGT

strands: + -

Background letter frequencies:
A 0.29 C 0.21 G 0.21 T 0.29

MOTIF J4143

letter-probability matrix: alength= 4 nsites=1000
0.1570	0.5079	0.1734	0.1617
0.1976	0.5559	0.1135	0.1330
0.6222	0.0761	0.1102	0.1914
0.0981	0.0648	0.0896	0.7474
0.0841	0.0330	0.5804	0.3025
0.0775	0.8147	0.0413	0.0665
0.0500	0.8335	0.0485	0.0681
0.0379	0.0198	0.9066	0.0356
0.0509	0.8357	0.0534	0.0600
0.0521	0.8654	0.0331	0.0494
0.9034	0.0277	0.0286	0.0404
0.0356	0.0246	0.0242	0.9156
