MEME version 4.4

ALPHABET= ACGT

strands: + -

Background letter frequencies:
A 0.29 C 0.21 G 0.21 T 0.29

MOTIF KLF13_1

letter-probability matrix: alength= 4 nsites=1000
0.4595	0.0779	0.2797	0.1829
0.2203	0.0169	0.2374	0.5254
0.2872	0.0031	0.6962	0.0135
0.3138	0.5790	0.0386	0.0687
0.0746	0.8596	0.0051	0.0608
0.9842	0.0031	0.0080	0.0047
0.0047	0.9807	0.0080	0.0066
0.0125	0.0041	0.9767	0.0066
0.0047	0.9836	0.0031	0.0086
0.0076	0.9846	0.0031	0.0047
0.0057	0.9777	0.0031	0.0135
0.2242	0.7641	0.0031	0.0086
0.0057	0.3103	0.0041	0.6800
0.0637	0.1350	0.0238	0.7775
0.0696	0.0651	0.0750	0.7902
0.1701	0.1281	0.1921	0.5097
0.1504	0.0661	0.1774	0.6062
0.1277	0.0976	0.5298	0.2449
