MEME version 4.4

ALPHABET= ACGT

strands: + -

Background letter frequencies:
A 0.29 C 0.21 G 0.21 T 0.29

MOTIF LBX2_2

letter-probability matrix: alength= 4 nsites=1000
0.1858	0.5258	0.2236	0.0647
0.0667	0.0917	0.1419	0.6997
0.1474	0.3614	0.3073	0.1838
0.3187	0.0218	0.5869	0.0726
0.7981	0.0671	0.0907	0.0440
0.2360	0.3349	0.1764	0.2527
0.0332	0.5091	0.3408	0.1169
0.0470	0.2167	0.1114	0.6249
0.5668	0.0730	0.2847	0.0755
0.6859	0.0031	0.2305	0.0805
0.0047	0.1262	0.1882	0.6810
0.0047	0.1370	0.1823	0.6761
0.8798	0.0031	0.1124	0.0047
