MEME version 4.4

ALPHABET= ACGT

strands: + -

Background letter frequencies:
A 0.29 C 0.21 G 0.21 T 0.29

MOTIF LHX2_3

letter-probability matrix: alength= 4 nsites=1000
0.0234	0.3949	0.0228	0.5589
0.7656	0.1508	0.0454	0.0381
0.9202	0.0130	0.0435	0.0234
0.0234	0.0189	0.0287	0.9291
0.0312	0.0376	0.0238	0.9074
0.8090	0.0139	0.1399	0.0372
0.3285	0.3349	0.1616	0.1750
0.2429	0.2276	0.4441	0.0854
0.0687	0.7040	0.0947	0.1326
0.0559	0.0582	0.0120	0.8739
0.9261	0.0307	0.0248	0.0185
0.9645	0.0090	0.0149	0.0116
0.0145	0.0238	0.0110	0.9507
0.0332	0.0218	0.1636	0.7814
0.5776	0.0080	0.3920	0.0224
