MEME version 4.4

ALPHABET= ACGT

strands: + -

Background letter frequencies:
A 0.29 C 0.21 G 0.21 T 0.29

MOTIF LHX3_3

letter-probability matrix: alength= 4 nsites=1000
0.2281	0.2876	0.3693	0.1149
0.2567	0.2295	0.2482	0.2655
0.5530	0.2276	0.0405	0.1789
0.6268	0.0897	0.1970	0.0864
0.0253	0.0996	0.0090	0.8660
0.0214	0.0326	0.0031	0.9428
0.9615	0.0071	0.0258	0.0057
0.9724	0.0051	0.0080	0.0145
0.0145	0.0080	0.0051	0.9724
0.0057	0.0258	0.0071	0.9615
0.9428	0.0031	0.0326	0.0214
0.8651	0.0100	0.0996	0.0253
0.4240	0.0888	0.1281	0.3591
0.3433	0.0376	0.0809	0.5382
0.4112	0.2797	0.0789	0.2301
0.3374	0.3142	0.1084	0.2399
0.1149	0.2325	0.3093	0.3433
