MEME version 4.4

ALPHABET= ACGT

strands: + -

Background letter frequencies:
A 0.29 C 0.21 G 0.21 T 0.29

MOTIF LHX6_4

letter-probability matrix: alength= 4 nsites=1000
0.0096	0.1488	0.0051	0.8365
0.8286	0.0248	0.1340	0.0125
0.9832	0.0051	0.0051	0.0066
0.0047	0.0041	0.0100	0.9812
0.0047	0.0514	0.0120	0.9320
0.9153	0.0041	0.0760	0.0047
0.0657	0.1075	0.7857	0.0411
0.0677	0.4688	0.0937	0.3699
0.2587	0.1114	0.6026	0.0273
0.0214	0.4658	0.0838	0.4290
0.0057	0.0159	0.0051	0.9734
0.5126	0.0090	0.4697	0.0086
0.9802	0.0110	0.0041	0.0047
0.0047	0.0208	0.0051	0.9694
0.0096	0.0504	0.0425	0.8976
0.7105	0.0061	0.2778	0.0057
