MEME version 4.4

ALPHABET= ACGT

strands: + -

Background letter frequencies:
A 0.29 C 0.21 G 0.21 T 0.29

MOTIF LHX8_4

letter-probability matrix: alength= 4 nsites=1000
0.0539	0.0277	0.0120	0.9064
0.5323	0.0080	0.4481	0.0116
0.9773	0.0061	0.0100	0.0066
0.0194	0.0130	0.0179	0.9497
0.0204	0.0110	0.0179	0.9507
0.1139	0.0120	0.8655	0.0086
0.0135	0.8950	0.0090	0.0824
0.9606	0.0159	0.0110	0.0125
0.9625	0.0159	0.0080	0.0135
0.0076	0.0110	0.0071	0.9743
0.0135	0.5101	0.0090	0.4674
0.9212	0.0159	0.0198	0.0431
