MEME version 4.4

ALPHABET= ACGT

strands: + -

Background letter frequencies:
A 0.29 C 0.21 G 0.21 T 0.29

MOTIF MA0036.2

letter-probability matrix: alength= 4 nsites=1000
0.3569	0.1310	0.1728	0.3393
0.2578	0.1759	0.3859	0.1804
0.3538	0.1672	0.2768	0.2022
0.2413	0.1217	0.0998	0.5373
0.0138	0.2404	0.1752	0.5705
0.0087	0.6775	0.2085	0.1054
0.0067	0.0473	0.0045	0.9415
0.0181	0.0045	0.0045	0.9730
0.9844	0.0045	0.0045	0.0067
0.0067	0.0045	0.0045	0.9844
0.0067	0.9821	0.0045	0.0067
0.2801	0.0045	0.0045	0.7109
0.0299	0.3984	0.4435	0.1281
0.2871	0.2690	0.0545	0.3895
