MEME version 4.4

ALPHABET= ACGT

strands: + -

Background letter frequencies:
A 0.29 C 0.21 G 0.21 T 0.29

MOTIF MA0060.2

letter-probability matrix: alength= 4 nsites=1000
0.5127	0.1756	0.1211	0.1906
0.1522	0.1215	0.4894	0.2369
0.3939	0.2514	0.2424	0.1122
0.1539	0.3248	0.4277	0.0936
0.2176	0.2604	0.0525	0.4694
0.0504	0.1059	0.5106	0.3331
0.0550	0.7764	0.0697	0.0989
0.0324	0.1221	0.0452	0.8003
0.0534	0.1247	0.7556	0.0662
0.9065	0.0207	0.0358	0.0370
0.0312	0.0258	0.0213	0.9217
0.0317	0.0210	0.0210	0.9263
0.0337	0.0215	0.9132	0.0316
0.0319	0.0276	0.9094	0.0310
0.0693	0.2945	0.0220	0.6141
0.0778	0.4241	0.2122	0.2858
0.1881	0.4480	0.2485	0.1155
0.4669	0.1368	0.2976	0.0987
