MEME version 4.4

ALPHABET= ACGT

strands: + -

Background letter frequencies:
A 0.29 C 0.21 G 0.21 T 0.29

MOTIF MA0140.2

letter-probability matrix: alength= 4 nsites=1000
0.2263	0.4071	0.1953	0.1713
0.0467	0.1636	0.0354	0.7543
0.0688	0.0040	0.0040	0.9232
0.9862	0.0040	0.0040	0.0059
0.0059	0.0040	0.0040	0.9862
0.0059	0.9842	0.0040	0.0059
0.4113	0.0164	0.0148	0.5575
0.1361	0.2673	0.4419	0.1547
0.1964	0.2441	0.2500	0.3094
0.2415	0.2269	0.3046	0.2269
0.3577	0.2275	0.1998	0.2150
0.2113	0.2487	0.3426	0.1974
0.2734	0.2299	0.2940	0.2028
0.3788	0.2083	0.1662	0.2467
0.2791	0.2487	0.3767	0.0955
0.0277	0.9579	0.0085	0.0059
0.9276	0.0040	0.0040	0.0645
0.0376	0.1800	0.7050	0.0773
