MEME version 4.4

ALPHABET= ACGT

strands: + -

Background letter frequencies:
A 0.29 C 0.21 G 0.21 T 0.29

MOTIF MA0488.1

letter-probability matrix: alength= 4 nsites=1000
0.3842	0.1362	0.2319	0.2477
0.3376	0.1428	0.2360	0.2835
0.3094	0.0957	0.4498	0.1451
0.7659	0.0423	0.1781	0.0137
0.0137	0.0091	0.0091	0.9681
0.0137	0.0091	0.9582	0.0191
0.9681	0.0091	0.0091	0.0137
0.0137	0.1656	0.2145	0.6062
0.0137	0.0368	0.9359	0.0137
0.0564	0.1698	0.0091	0.7647
0.3279	0.6493	0.0091	0.0137
0.9681	0.0091	0.0091	0.0137
0.0229	0.1777	0.0554	0.7440
