MEME version 4.4

ALPHABET= ACGT

strands: + -

Background letter frequencies:
A 0.29 C 0.21 G 0.21 T 0.29

MOTIF MA0469.1

letter-probability matrix: alength= 4 nsites=1000
0.0113	0.5361	0.0076	0.4451
0.0113	0.0076	0.0076	0.9736
0.0113	0.9698	0.0076	0.0113
0.0113	0.9396	0.0378	0.0113
0.0113	0.9698	0.0076	0.0113
0.0113	0.0076	0.8532	0.1280
0.0113	0.9698	0.0076	0.0113
0.0113	0.6504	0.2367	0.1015
0.1491	0.5085	0.1574	0.1850
0.1151	0.3484	0.2877	0.2488
0.0853	0.5719	0.2174	0.1253
0.4151	0.1723	0.2626	0.1500
0.0686	0.5405	0.2971	0.0938
0.2325	0.3258	0.1086	0.3332
0.1654	0.3643	0.3277	0.1426
