MEME version 4.4

ALPHABET= ACGT

strands: + -

Background letter frequencies:
A 0.29 C 0.21 G 0.21 T 0.29

MOTIF MA0498.1

letter-probability matrix: alength= 4 nsites=1000
0.5065	0.0525	0.1917	0.2494
0.0743	0.2878	0.5297	0.1082
0.0558	0.8980	0.0085	0.0377
0.0111	0.0074	0.0074	0.9741
0.0111	0.0074	0.9704	0.0111
0.0425	0.0259	0.0074	0.9243
0.0111	0.9704	0.0074	0.0111
0.9191	0.0074	0.0074	0.0661
0.1075	0.4193	0.4045	0.0687
0.1345	0.2058	0.1045	0.5552
0.0757	0.5512	0.1899	0.1832
0.4023	0.2095	0.0610	0.3273
0.2013	0.3037	0.2645	0.2305
0.1854	0.3794	0.2054	0.2298
0.2065	0.2793	0.1847	0.3295
