MEME version 4.4

ALPHABET= ACGT

strands: + -

Background letter frequencies:
A 0.29 C 0.21 G 0.21 T 0.29

MOTIF MA0520.1

letter-probability matrix: alength= 4 nsites=1000
0.1470	0.3499	0.2572	0.2459
0.3560	0.1783	0.2008	0.2649
0.0932	0.3002	0.2336	0.3730
0.0154	0.0102	0.0102	0.9641
0.0220	0.0102	0.0102	0.9575
0.0779	0.8709	0.0102	0.0410
0.0512	0.6270	0.0102	0.3115
0.3555	0.0210	0.1224	0.5010
0.1834	0.2838	0.4703	0.0625
0.6060	0.0118	0.2234	0.1588
0.0287	0.0102	0.9303	0.0307
0.9641	0.0102	0.0102	0.0154
0.9626	0.0102	0.0118	0.0154
0.3335	0.2869	0.2141	0.1655
0.1921	0.2613	0.1306	0.4160
