MEME version 4.4

ALPHABET= ACGT

strands: + -

Background letter frequencies:
A 0.29 C 0.21 G 0.21 T 0.29

MOTIF MA0501.1

letter-probability matrix: alength= 4 nsites=1000
0.6353	0.0387	0.2975	0.0286
0.0252	0.0168	0.0168	0.9412
0.0252	0.0168	0.9261	0.0319
0.9412	0.0168	0.0168	0.0252
0.0387	0.7487	0.1563	0.0563
0.1176	0.0176	0.0269	0.8378
0.0924	0.8042	0.0353	0.0681
0.8471	0.0168	0.0597	0.0765
0.0319	0.0202	0.8916	0.0563
0.0252	0.9101	0.0353	0.0294
0.8076	0.0311	0.0782	0.0832
0.3471	0.1874	0.2546	0.2109
0.3286	0.1008	0.1261	0.4445
0.2706	0.1025	0.0933	0.5336
0.2025	0.2546	0.1059	0.4370
