MEME version 4.4

ALPHABET= ACGT

strands: + -

Background letter frequencies:
A 0.29 C 0.21 G 0.21 T 0.29

MOTIF MA0528.1

letter-probability matrix: alength= 4 nsites=1000
0.1642	0.0304	0.6947	0.1107
0.3016	0.0123	0.6676	0.0185
0.7033	0.0123	0.1849	0.0995
0.0464	0.0123	0.8635	0.0778
0.0808	0.1194	0.7788	0.0211
0.8758	0.0463	0.0150	0.0630
0.1151	0.0643	0.7054	0.1152
0.1141	0.1002	0.7176	0.0681
0.5182	0.0719	0.3519	0.0580
0.3346	0.1074	0.4461	0.1120
0.2092	0.0782	0.5957	0.1170
0.4249	0.0487	0.4269	0.0996
0.2756	0.0505	0.5607	0.1132
0.2714	0.1120	0.5693	0.0474
0.5077	0.0708	0.3067	0.1147
0.2540	0.0124	0.6073	0.1264
0.2114	0.0123	0.7172	0.0591
0.5300	0.0123	0.3752	0.0824
0.3404	0.0258	0.5619	0.0719
0.2690	0.0524	0.6171	0.0615
0.4659	0.0682	0.3906	0.0753
