MEME version 4.4

ALPHABET= ACGT

strands: + -

Background letter frequencies:
A 0.29 C 0.21 G 0.21 T 0.29

MOTIF MA0527.1

letter-probability matrix: alength= 4 nsites=1000
0.1391	0.3429	0.2062	0.3118
0.0447	0.1068	0.0646	0.7839
0.0720	0.8435	0.0385	0.0460
0.0497	0.1354	0.0311	0.7839
0.0373	0.9006	0.0248	0.0373
0.0807	0.0248	0.8534	0.0410
0.0398	0.8547	0.0248	0.0807
0.0373	0.0248	0.9006	0.0373
0.6099	0.1242	0.1714	0.0944
0.0472	0.0957	0.5839	0.2733
0.5540	0.1416	0.2000	0.1043
0.1429	0.3130	0.1938	0.3503
0.0609	0.4323	0.0783	0.4286
0.1354	0.2050	0.1602	0.4994
0.1491	0.3143	0.3553	0.1814
