MEME version 4.4

ALPHABET= ACGT

strands: + -

Background letter frequencies:
A 0.29 C 0.21 G 0.21 T 0.29

MOTIF MA0518.1

letter-probability matrix: alength= 4 nsites=1000
0.0811	0.3495	0.1695	0.3999
0.0141	0.0074	0.0067	0.9717
0.0188	0.0067	0.1847	0.7898
0.2227	0.7565	0.0108	0.0101
0.1134	0.5082	0.0309	0.3475
0.4978	0.0161	0.4181	0.0679
0.2566	0.0067	0.7245	0.0121
0.0252	0.0067	0.9580	0.0101
0.9765	0.0067	0.0067	0.0101
0.9765	0.0067	0.0067	0.0101
0.5392	0.1006	0.2869	0.0733
0.1736	0.2708	0.2371	0.3185
0.2227	0.2492	0.3525	0.1756
0.3091	0.1557	0.3824	0.1527
