MEME version 4.4

ALPHABET= ACGT

strands: + -

Background letter frequencies:
A 0.29 C 0.21 G 0.21 T 0.29

MOTIF MAF_known4

letter-probability matrix: alength= 4 nsites=1000
0.4181	0.1823	0.1616	0.2380
0.5884	0.0582	0.2020	0.1514
0.6475	0.0198	0.0573	0.2754
0.3384	0.1045	0.0523	0.5048
0.1740	0.0809	0.2660	0.4792
0.0490	0.0356	0.0071	0.9084
0.0145	0.0071	0.9610	0.0175
0.0381	0.9373	0.0080	0.0165
0.0204	0.0120	0.0071	0.9606
0.0244	0.0071	0.9186	0.0500
0.9655	0.0100	0.0090	0.0155
0.0175	0.8763	0.0218	0.0844
0.2606	0.1134	0.2423	0.3837
0.3276	0.1508	0.0966	0.4250
0.5382	0.1075	0.2413	0.1130
0.2596	0.0701	0.4884	0.1819
0.3059	0.3053	0.1685	0.2203
