MEME version 4.4

ALPHABET= ACGT

strands: + -

Background letter frequencies:
A 0.29 C 0.21 G 0.21 T 0.29

MOTIF MAF_known12

letter-probability matrix: alength= 4 nsites=1000
0.4319	0.1114	0.1065	0.3502
0.2616	0.1990	0.2728	0.2665
0.0529	0.2856	0.0198	0.6416
0.0165	0.0149	0.9610	0.0076
0.1405	0.8359	0.0061	0.0175
0.0677	0.0356	0.0198	0.8769
0.0765	0.0287	0.8212	0.0736
0.9625	0.0071	0.0208	0.0096
0.0096	0.7926	0.0553	0.1425
0.1238	0.0474	0.8153	0.0135
0.0283	0.0710	0.0149	0.8857
0.4802	0.4372	0.0277	0.0549
0.7135	0.0307	0.1222	0.1336
0.0500	0.0090	0.8359	0.1051
0.0076	0.9492	0.0218	0.0214
0.7893	0.0159	0.0868	0.1080
0.2252	0.2620	0.2305	0.2823
0.3128	0.0976	0.1675	0.4221
