MEME version 4.4

ALPHABET= ACGT

strands: + -

Background letter frequencies:
A 0.29 C 0.21 G 0.21 T 0.29

MOTIF MAFF_1

letter-probability matrix: alength= 4 nsites=1000
0.2409	0.1852	0.1459	0.4280
0.0362	0.0553	0.0061	0.9025
0.0047	0.0149	0.9757	0.0047
0.0135	0.9659	0.0031	0.0175
0.0214	0.0405	0.0130	0.9251
0.0057	0.0090	0.9108	0.0746
0.8907	0.0238	0.0031	0.0824
0.0549	0.4658	0.3742	0.1051
0.0667	0.0031	0.0277	0.9025
0.0923	0.8743	0.0110	0.0224
0.9182	0.0071	0.0454	0.0293
0.0253	0.0031	0.9245	0.0470
0.0047	0.9718	0.0110	0.0125
0.7528	0.0090	0.2010	0.0372
0.4674	0.1173	0.0956	0.3197
