MEME version 4.4

ALPHABET= ACGT

strands: + -

Background letter frequencies:
A 0.29 C 0.21 G 0.21 T 0.29

MOTIF MEF2_known9

letter-probability matrix: alength= 4 nsites=1000
0.6741	0.1212	0.0819	0.1228
0.2862	0.0966	0.1902	0.4270
0.1228	0.0031	0.5150	0.3591
0.0047	0.8054	0.0395	0.1504
0.0047	0.0031	0.0031	0.9891
0.9891	0.0031	0.0031	0.0047
0.5156	0.0031	0.0031	0.4782
0.6977	0.0031	0.0031	0.2961
0.8434	0.0031	0.0031	0.1504
0.9891	0.0031	0.0031	0.0047
0.0047	0.0031	0.0031	0.9891
0.9891	0.0031	0.0031	0.0047
0.1139	0.0031	0.8783	0.0047
0.5343	0.3831	0.0405	0.0421
0.2961	0.2581	0.0031	0.4427
0.1681	0.3723	0.0445	0.4152
0.1691	0.2079	0.3309	0.2921
