MEME version 4.4

ALPHABET= ACGT

strands: + -

Background letter frequencies:
A 0.29 C 0.21 G 0.21 T 0.29

MOTIF MEF2_known5

letter-probability matrix: alength= 4 nsites=1000
0.4083	0.2689	0.1508	0.1720
0.1326	0.4264	0.3181	0.1228
0.0736	0.0917	0.0720	0.7627
0.0736	0.0031	0.8300	0.0933
0.0933	0.0031	0.0720	0.8316
0.0047	0.0139	0.0464	0.9350
0.6249	0.0130	0.2000	0.1622
0.0047	0.9679	0.0228	0.0047
0.0047	0.0228	0.0031	0.9694
0.9005	0.0228	0.0031	0.0736
0.6741	0.0031	0.0031	0.3197
0.9891	0.0031	0.0031	0.0047
0.9891	0.0031	0.0031	0.0047
0.9891	0.0031	0.0031	0.0047
0.0047	0.0228	0.0031	0.9694
0.9891	0.0031	0.0031	0.0047
0.0244	0.0031	0.9679	0.0047
0.7922	0.0917	0.0622	0.0539
0.7135	0.0622	0.0031	0.2212
0.4319	0.3614	0.0228	0.1838
0.2705	0.4756	0.0917	0.1622
0.2114	0.2295	0.1705	0.3886
