MEME version 4.4

ALPHABET= ACGT

strands: + -

Background letter frequencies:
A 0.29 C 0.21 G 0.21 T 0.29

MOTIF MEOX2_3

letter-probability matrix: alength= 4 nsites=1000
0.1760	0.3516	0.3240	0.1484
0.0500	0.1340	0.0149	0.8011
0.5353	0.4048	0.0179	0.0421
0.9724	0.0071	0.0120	0.0086
0.0096	0.0061	0.0110	0.9734
0.0332	0.8084	0.0139	0.1445
0.9773	0.0080	0.0090	0.0057
0.0066	0.0149	0.0051	0.9734
0.2006	0.7798	0.0041	0.0155
0.9625	0.0041	0.0228	0.0106
0.0145	0.0061	0.0071	0.9724
0.0352	0.1587	0.0061	0.8001
0.9054	0.0169	0.0307	0.0470
0.4398	0.1144	0.2059	0.2399
