MEME version 4.4

ALPHABET= ACGT

strands: + -

Background letter frequencies:
A 0.29 C 0.21 G 0.21 T 0.29

MOTIF MSX2_3

letter-probability matrix: alength= 4 nsites=1000
0.1051	0.2187	0.5003	0.1760
0.0372	0.7326	0.0149	0.2153
0.8857	0.0445	0.0326	0.0372
0.9438	0.0317	0.0169	0.0076
0.0047	0.0041	0.0031	0.9881
0.0647	0.0632	0.0051	0.8670
0.9359	0.0080	0.0307	0.0253
0.6219	0.0720	0.1173	0.1888
0.6140	0.1429	0.1222	0.1208
0.4762	0.0819	0.1163	0.3256
0.5018	0.0701	0.1478	0.2803
0.1464	0.4097	0.3693	0.0746
0.0755	0.6784	0.0159	0.2301
0.8158	0.0435	0.1291	0.0116
0.9271	0.0563	0.0110	0.0057
0.0057	0.0041	0.0031	0.9871
0.0135	0.0317	0.0051	0.9497
0.9025	0.0080	0.0553	0.0342
