MEME version 4.4

ALPHABET= ACGT

strands: + -

Background letter frequencies:
A 0.29 C 0.21 G 0.21 T 0.29

MOTIF MTF1_3

letter-probability matrix: alength= 4 nsites=1000
0.0224	0.0031	0.0750	0.8995
0.0559	0.0878	0.1724	0.6839
0.0224	0.0208	0.0031	0.9537
0.0332	0.0169	0.9452	0.0047
0.0185	0.9738	0.0031	0.0047
0.9537	0.0031	0.0208	0.0224
0.0312	0.9344	0.0297	0.0047
0.9025	0.0543	0.0208	0.0224
0.0047	0.9875	0.0031	0.0047
0.0185	0.0031	0.9600	0.0185
0.1445	0.0346	0.6597	0.1612
0.0047	0.8763	0.0031	0.1159
0.7016	0.1547	0.1084	0.0352
0.0332	0.9009	0.0179	0.0480
