MEME version 4.4

ALPHABET= ACGT

strands: + -

Background letter frequencies:
A 0.29 C 0.21 G 0.21 T 0.29

MOTIF MYB_1

letter-probability matrix: alength= 4 nsites=1000
0.0421	0.4402	0.2217	0.2961
0.2232	0.5505	0.1852	0.0411
0.2016	0.3309	0.2984	0.1691
0.4191	0.1331	0.3654	0.0824
0.4309	0.2955	0.2158	0.0578
0.1858	0.3250	0.1626	0.3266
0.1592	0.0799	0.6597	0.1011
0.3906	0.0228	0.4855	0.1011
0.0706	0.8074	0.0356	0.0864
0.3000	0.2984	0.3309	0.0706
0.0047	0.0031	0.9875	0.0047
0.0047	0.0031	0.0031	0.9891
0.0047	0.0031	0.0031	0.9891
0.1848	0.0198	0.7739	0.0214
0.1602	0.1587	0.5475	0.1336
0.0332	0.2059	0.4372	0.3236
0.1031	0.1016	0.5938	0.2016
0.0805	0.0031	0.8359	0.0805
