MEME version 4.4

ALPHABET= ACGT

strands: + -

Background letter frequencies:
A 0.29 C 0.21 G 0.21 T 0.29

MOTIF MYBL2_4

letter-probability matrix: alength= 4 nsites=1000
0.5963	0.0287	0.3398	0.0352
0.4821	0.0504	0.2827	0.1848
0.0637	0.8438	0.0612	0.0312
0.0726	0.7808	0.1232	0.0234
0.0086	0.0031	0.9826	0.0057
0.0116	0.0080	0.0218	0.9586
0.0047	0.0100	0.0031	0.9822
0.6288	0.0395	0.0425	0.2892
0.9497	0.0267	0.0149	0.0086
0.8857	0.0307	0.0228	0.0608
0.0155	0.9688	0.0080	0.0076
0.0500	0.3378	0.3762	0.2360
0.0578	0.0819	0.7946	0.0657
0.1494	0.2975	0.0632	0.4900
0.0352	0.5032	0.0169	0.4447
