MEME version 4.4

ALPHABET= ACGT

strands: + -

Background letter frequencies:
A 0.29 C 0.21 G 0.21 T 0.29

MOTIF MYBL2_2

letter-probability matrix: alength= 4 nsites=1000
0.5756	0.0238	0.3004	0.1002
0.0736	0.8911	0.0297	0.0057
0.0992	0.7316	0.1537	0.0155
0.0145	0.0061	0.9738	0.0057
0.0066	0.0071	0.0484	0.9379
0.0066	0.0061	0.0051	0.9822
0.8158	0.0110	0.1321	0.0411
0.4290	0.1636	0.3388	0.0687
0.7046	0.0061	0.2709	0.0185
0.7824	0.0326	0.1104	0.0746
0.0736	0.8763	0.0297	0.0204
0.0716	0.7887	0.0986	0.0411
0.0303	0.0041	0.9610	0.0047
0.0057	0.0120	0.0809	0.9015
0.0086	0.0139	0.0041	0.9734
0.7617	0.0346	0.1291	0.0746
