MEME version 4.4

ALPHABET= ACGT

strands: + -

Background letter frequencies:
A 0.29 C 0.21 G 0.21 T 0.29

MOTIF MYBL1_1

letter-probability matrix: alength= 4 nsites=1000
0.2203	0.2433	0.1961	0.3404
0.2429	0.0956	0.2335	0.4280
0.2429	0.1567	0.3634	0.2370
0.3689	0.1862	0.2187	0.2262
0.3896	0.2108	0.0996	0.3000
0.7745	0.0149	0.1587	0.0519
0.8296	0.0090	0.0868	0.0746
0.0312	0.9541	0.0041	0.0106
0.0116	0.8212	0.1518	0.0155
0.0076	0.0061	0.9797	0.0066
0.0086	0.0120	0.0130	0.9665
0.0145	0.1675	0.0051	0.8129
0.7036	0.0100	0.2039	0.0824
0.3158	0.2394	0.1409	0.3039
0.2557	0.2364	0.0917	0.4162
0.2902	0.3083	0.0701	0.3315
0.2636	0.2148	0.2167	0.3049
