MEME version 4.4

ALPHABET= ACGT

strands: + -

Background letter frequencies:
A 0.29 C 0.21 G 0.21 T 0.29

MOTIF MYBL2_1

letter-probability matrix: alength= 4 nsites=1000
0.8355	0.0189	0.1272	0.0185
0.7981	0.0258	0.0691	0.1071
0.0342	0.9501	0.0090	0.0066
0.0194	0.4136	0.4924	0.0746
0.0125	0.0051	0.9718	0.0106
0.1159	0.0789	0.0208	0.7843
0.0047	0.0287	0.0031	0.9635
0.9556	0.0031	0.0326	0.0086
0.7528	0.1153	0.0681	0.0637
0.0047	0.9521	0.0090	0.0342
0.0746	0.3890	0.4156	0.1208
0.0903	0.0976	0.6351	0.1769
0.2419	0.2610	0.0356	0.4614
0.0923	0.3388	0.0198	0.5491
