MEME version 4.4

ALPHABET= ACGT

strands: + -

Background letter frequencies:
A 0.29 C 0.21 G 0.21 T 0.29

MOTIF MYC_known20

letter-probability matrix: alength= 4 nsites=1000
0.0224	0.9688	0.0031	0.0057
0.9517	0.0071	0.0248	0.0165
0.0066	0.9275	0.0080	0.0578
0.0775	0.0071	0.9108	0.0047
0.0194	0.0533	0.0031	0.9241
0.0076	0.0051	0.9708	0.0165
0.1376	0.3831	0.2916	0.1878
0.2242	0.3152	0.1262	0.3345
0.3610	0.3083	0.1527	0.1779
0.4024	0.2167	0.2177	0.1632
0.3217	0.3240	0.2187	0.1356
0.0135	0.9767	0.0041	0.0057
0.9527	0.0051	0.0258	0.0165
0.0057	0.9432	0.0051	0.0460
0.1120	0.0120	0.8704	0.0057
0.0490	0.0681	0.0071	0.8759
0.0066	0.0041	0.9639	0.0253
