MEME version 4.4

ALPHABET= ACGT

strands: + -

Background letter frequencies:
A 0.29 C 0.21 G 0.21 T 0.29

MOTIF MYF6_1

letter-probability matrix: alength= 4 nsites=1000
0.2508	0.2039	0.3910	0.1543
0.3482	0.2039	0.3201	0.1277
0.3856	0.1754	0.2492	0.1897
0.1760	0.2335	0.4087	0.1819
0.6573	0.0405	0.2630	0.0391
0.7105	0.0435	0.2069	0.0391
0.0086	0.9738	0.0061	0.0116
0.9576	0.0090	0.0120	0.0214
0.0844	0.0917	0.7375	0.0864
0.0244	0.2699	0.4067	0.2990
0.0244	0.0297	0.0169	0.9291
0.0096	0.0110	0.9659	0.0135
0.1189	0.2010	0.2256	0.4546
0.0362	0.5219	0.1301	0.3118
0.2035	0.3821	0.1075	0.3069
0.1838	0.1931	0.4225	0.2006
