MEME version 4.4

ALPHABET= ACGT

strands: + -

Background letter frequencies:
A 0.29 C 0.21 G 0.21 T 0.29

MOTIF MZF1_2

letter-probability matrix: alength= 4 nsites=1000
0.1277	0.0651	0.4343	0.3728
0.1897	0.1262	0.4333	0.2508
0.2508	0.0651	0.4953	0.1888
0.1277	0.2492	0.2492	0.3738
0.0047	0.0031	0.6184	0.3738
0.8040	0.0031	0.1882	0.0047
0.0657	0.0031	0.7414	0.1897
0.0047	0.0031	0.9265	0.0657
0.0667	0.0651	0.8635	0.0047
0.0667	0.0031	0.8035	0.1267
0.1888	0.2492	0.4343	0.1277
0.6820	0.0031	0.1262	0.1888
0.6199	0.1882	0.1262	0.0657
