MEME version 4.4

ALPHABET= ACGT

strands: + -

Background letter frequencies:
A 0.29 C 0.21 G 0.21 T 0.29

MOTIF NFATC1_1

letter-probability matrix: alength= 4 nsites=1000
0.4920	0.1813	0.1902	0.1366
0.6288	0.0317	0.3044	0.0352
0.0175	0.2256	0.0179	0.7391
0.0057	0.0031	0.9846	0.0066
0.0116	0.0031	0.9807	0.0047
0.9842	0.0041	0.0071	0.0047
0.9862	0.0031	0.0051	0.0057
0.8926	0.0563	0.0031	0.0480
0.4112	0.2916	0.2138	0.0834
0.3847	0.0701	0.0228	0.5225
0.3276	0.1340	0.1429	0.3955
0.5284	0.1675	0.0671	0.2370
0.2606	0.1488	0.1183	0.4723
0.0677	0.0622	0.1862	0.6839
0.0135	0.0051	0.0307	0.9507
0.0047	0.0041	0.0031	0.9881
0.0047	0.5318	0.0051	0.4585
0.0047	0.9738	0.0031	0.0185
0.3847	0.5071	0.0986	0.0096
0.3295	0.0622	0.2069	0.4014
