MEME version 4.4

ALPHABET= ACGT

strands: + -

Background letter frequencies:
A 0.29 C 0.21 G 0.21 T 0.29

MOTIF NFATC1_2

letter-probability matrix: alength= 4 nsites=1000
0.0450	0.0090	0.0592	0.8867
0.0057	0.0051	0.0031	0.9862
0.0047	0.0947	0.0031	0.8976
0.0057	0.9856	0.0031	0.0057
0.0076	0.8911	0.0829	0.0185
0.6741	0.0159	0.2975	0.0125
0.0559	0.3989	0.0415	0.5038
0.4231	0.0612	0.1301	0.3856
0.5077	0.0346	0.4067	0.0509
0.0234	0.1596	0.0208	0.7962
0.0155	0.0238	0.9511	0.0096
0.0086	0.0051	0.9816	0.0047
0.9074	0.0041	0.0829	0.0057
0.9871	0.0041	0.0041	0.0047
0.8779	0.0543	0.0071	0.0608
