MEME version 4.4

ALPHABET= ACGT

strands: + -

Background letter frequencies:
A 0.29 C 0.21 G 0.21 T 0.29

MOTIF NFAT5_1

letter-probability matrix: alength= 4 nsites=1000
0.5067	0.0326	0.4491	0.0116
0.0076	0.0710	0.0041	0.9172
0.0047	0.0031	0.9866	0.0057
0.0047	0.0031	0.9866	0.0057
0.9891	0.0031	0.0031	0.0047
0.9891	0.0031	0.0031	0.0047
0.9743	0.0031	0.0061	0.0165
0.6829	0.0149	0.0888	0.2134
0.1386	0.0897	0.1980	0.5737
0.0381	0.0691	0.0031	0.8897
0.7696	0.2187	0.0031	0.0086
0.0057	0.9866	0.0031	0.0047
0.4536	0.1990	0.0474	0.3000
0.2970	0.1498	0.4235	0.1297
