MEME version 4.4

ALPHABET= ACGT

strands: + -

Background letter frequencies:
A 0.29 C 0.21 G 0.21 T 0.29

MOTIF NFE2L1::MAFG_1

letter-probability matrix: alength= 4 nsites=1000
0.2862	0.4254	0.2138	0.0746
0.2862	0.2847	0.0730	0.3561
0.4270	0.1439	0.1439	0.2852
0.3561	0.2847	0.1439	0.2153
0.3561	0.2847	0.1439	0.2153
0.6377	0.0031	0.2847	0.0746
0.0047	0.0031	0.0031	0.9891
0.0047	0.0031	0.9875	0.0047
0.9891	0.0031	0.0031	0.0047
0.0047	0.8468	0.1439	0.0047
0.2153	0.0031	0.2148	0.5668
0.1563	0.6085	0.0789	0.1563
0.7784	0.0031	0.0730	0.1454
0.0746	0.0041	0.8468	0.0746
0.0047	0.9177	0.0031	0.0746
0.9192	0.0031	0.0730	0.0047
0.4270	0.1439	0.2138	0.2153
0.2153	0.0740	0.1439	0.5668
0.2862	0.0031	0.0730	0.6377
0.3561	0.3555	0.2138	0.0746
0.2153	0.2138	0.0730	0.4979
0.0805	0.1547	0.6085	0.1563
