MEME version 4.4

ALPHABET= ACGT

strands: + -

Background letter frequencies:
A 0.29 C 0.21 G 0.21 T 0.29

MOTIF NFIC_1

letter-probability matrix: alength= 4 nsites=1000
0.1277	0.6184	0.0031	0.2508
0.6199	0.0031	0.3723	0.0047
0.0047	0.4953	0.3723	0.1277
0.1277	0.7414	0.0031	0.1277
0.1277	0.1262	0.1262	0.6199
0.0047	0.2492	0.6184	0.1277
0.0047	0.1262	0.0031	0.8660
0.0047	0.2492	0.2492	0.4969
0.0047	0.3723	0.2492	0.3738
0.3738	0.1262	0.1262	0.3738
0.3738	0.1262	0.2492	0.2508
0.2508	0.0031	0.1262	0.6199
0.0047	0.2492	0.0031	0.7430
0.0047	0.0031	0.1262	0.8660
0.0047	0.0031	0.8645	0.1277
0.0047	0.0031	0.9875	0.0047
0.1454	0.7060	0.0031	0.1454
0.6199	0.0031	0.2492	0.1277
0.1277	0.6184	0.1262	0.1277
0.0047	0.2492	0.4953	0.2508
0.0047	0.3723	0.4953	0.1277
0.3738	0.1262	0.1262	0.3738
0.0047	0.1262	0.8645	0.0047
0.0047	0.8645	0.0031	0.1277
0.1277	0.8645	0.0031	0.0047
0.7430	0.0031	0.1262	0.1277
0.4969	0.0031	0.3723	0.1277
0.1277	0.4953	0.1262	0.2508
0.3738	0.2492	0.0031	0.3738
