MEME version 4.4

ALPHABET= ACGT

strands: + -

Background letter frequencies:
A 0.29 C 0.21 G 0.21 T 0.29

MOTIF NHLH1_1

letter-probability matrix: alength= 4 nsites=1000
0.3295	0.1606	0.2689	0.2409
0.2931	0.1222	0.3112	0.2734
0.1917	0.0720	0.5150	0.2212
0.0549	0.0031	0.7788	0.1632
0.0539	0.0228	0.8989	0.0244
0.2114	0.2886	0.2984	0.2016
0.2478	0.7050	0.0425	0.0047
0.0539	0.1409	0.6332	0.1720
0.0047	0.9875	0.0031	0.0047
0.9891	0.0031	0.0031	0.0047
0.0342	0.0533	0.9078	0.0047
0.0244	0.8606	0.0907	0.0244
0.0047	0.0031	0.0031	0.9891
0.0047	0.0031	0.9875	0.0047
0.0736	0.6627	0.1212	0.1425
0.0539	0.0326	0.6627	0.2508
0.1130	0.2984	0.2295	0.3591
0.0549	0.7985	0.0523	0.0943
0.1622	0.6725	0.0523	0.1130
0.1336	0.5701	0.0927	0.2035
0.2232	0.4107	0.1025	0.2636
0.2705	0.1606	0.2394	0.3295
