MEME version 4.4

ALPHABET= ACGT

strands: + -

Background letter frequencies:
A 0.29 C 0.21 G 0.21 T 0.29

MOTIF NKX2-3_1

letter-probability matrix: alength= 4 nsites=1000
0.1149	0.4264	0.0760	0.3827
0.1031	0.3634	0.1370	0.3965
0.0864	0.1409	0.0956	0.6770
0.1602	0.1518	0.1035	0.5845
0.7962	0.0061	0.1675	0.0303
0.8710	0.0100	0.0927	0.0263
0.0145	0.0218	0.9511	0.0125
0.0057	0.2502	0.0061	0.7381
0.7391	0.0051	0.2502	0.0057
0.0116	0.9521	0.0218	0.0145
0.0263	0.0927	0.0100	0.8710
0.0303	0.1675	0.0061	0.7962
0.5304	0.1744	0.2000	0.0952
0.5776	0.0809	0.2256	0.1159
0.2114	0.2089	0.1911	0.3886
0.2331	0.1695	0.4008	0.1966
