MEME version 4.4

ALPHABET= ACGT

strands: + -

Background letter frequencies:
A 0.29 C 0.21 G 0.21 T 0.29

MOTIF NKX2-6_1

letter-probability matrix: alength= 4 nsites=1000
0.2183	0.1970	0.2236	0.3610
0.3975	0.1557	0.2699	0.1769
0.7834	0.0248	0.1281	0.0637
0.2134	0.1468	0.3467	0.2931
0.0283	0.8369	0.1281	0.0066
0.0057	0.9305	0.0041	0.0598
0.9586	0.0041	0.0041	0.0332
0.0214	0.9688	0.0041	0.0057
0.0066	0.0071	0.0051	0.9812
0.0057	0.0612	0.0031	0.9300
0.6642	0.0139	0.3112	0.0106
0.7499	0.0139	0.0346	0.2016
0.3354	0.3565	0.2758	0.0322
0.4388	0.1990	0.1134	0.2488
0.1297	0.2089	0.0425	0.6190
0.0913	0.2325	0.0356	0.6406
