MEME version 4.4

ALPHABET= ACGT

strands: + -

Background letter frequencies:
A 0.29 C 0.21 G 0.21 T 0.29

MOTIF NR1H4_3

letter-probability matrix: alength= 4 nsites=1000
0.4221	0.0031	0.3319	0.2429
0.3630	0.0031	0.5997	0.0342
0.2134	0.0031	0.7788	0.0047
0.0352	0.0031	0.9275	0.0342
0.0047	0.0326	0.0336	0.9291
0.0047	0.4510	0.0326	0.5117
0.8395	0.1222	0.0041	0.0342
0.3620	0.1527	0.3014	0.1838
0.1543	0.0927	0.2413	0.5117
0.4516	0.1823	0.3614	0.0047
0.4821	0.0632	0.2413	0.2134
0.4221	0.4205	0.0927	0.0647
