MEME version 4.4

ALPHABET= ACGT

strands: + -

Background letter frequencies:
A 0.29 C 0.21 G 0.21 T 0.29

MOTIF NR2E1_4

letter-probability matrix: alength= 4 nsites=1000
0.6278	0.0769	0.2699	0.0253
0.6150	0.0947	0.1931	0.0972
0.0755	0.0071	0.9058	0.0116
0.0135	0.0622	0.0612	0.8631
0.0047	0.8911	0.0159	0.0883
0.8838	0.0071	0.0868	0.0224
0.6357	0.0917	0.1144	0.1582
0.3108	0.0641	0.2502	0.3748
0.9025	0.0130	0.0317	0.0529
0.8759	0.0326	0.0602	0.0312
0.0116	0.0031	0.9797	0.0057
0.0047	0.1242	0.0307	0.8405
0.0066	0.8753	0.0277	0.0903
0.8788	0.0130	0.0956	0.0125
