MEME version 4.4

ALPHABET= ACGT

strands: + -

Background letter frequencies:
A 0.29 C 0.21 G 0.21 T 0.29

MOTIF NR3C1_known13

letter-probability matrix: alength= 4 nsites=1000
0.3738	0.2906	0.0848	0.2508
0.3738	0.0848	0.1262	0.4152
0.4555	0.1262	0.1262	0.2921
0.6603	0.0445	0.2906	0.0047
0.0047	0.0031	0.9058	0.0864
0.4969	0.2492	0.0445	0.2094
0.8660	0.0848	0.0031	0.0460
0.0047	0.9875	0.0031	0.0047
0.6199	0.0031	0.3309	0.0460
0.1691	0.3723	0.0848	0.3738
0.2094	0.4550	0.0848	0.2508
0.2508	0.3723	0.3723	0.0047
0.1277	0.2079	0.0445	0.6199
0.0047	0.0031	0.9875	0.0047
0.1691	0.0031	0.0031	0.8247
0.4555	0.2079	0.0445	0.2921
0.0460	0.9058	0.0435	0.0047
0.1277	0.6587	0.0445	0.1691
0.2508	0.2906	0.2079	0.2508
0.2508	0.2079	0.3723	0.1691
0.4152	0.4540	0.0031	0.1277
0.2094	0.4550	0.2492	0.0864
