MEME version 4.4

ALPHABET= ACGT

strands: + -

Background letter frequencies:
A 0.29 C 0.21 G 0.21 T 0.29

MOTIF NR3C1_known6

letter-probability matrix: alength= 4 nsites=1000
0.2173	0.2738	0.2738	0.2350
0.1789	0.1380	0.3890	0.2941
0.1779	0.1764	0.3309	0.3148
0.1779	0.0809	0.5052	0.2360
0.3325	0.2551	0.2345	0.1779
0.3325	0.0612	0.4471	0.1592
0.2931	0.0228	0.5633	0.1208
0.0244	0.0228	0.8714	0.0815
0.2173	0.0996	0.2148	0.4683
0.8729	0.0415	0.0031	0.0824
0.0244	0.9679	0.0031	0.0047
0.6603	0.0031	0.3122	0.0244
0.1592	0.2738	0.2148	0.3522
0.2360	0.2158	0.2345	0.3138
0.0431	0.0799	0.6400	0.2370
0.0047	0.0031	0.0031	0.9891
0.0047	0.0031	0.9875	0.0047
0.0047	0.0031	0.0031	0.9891
0.0047	0.0031	0.0031	0.9891
0.0047	0.9875	0.0031	0.0047
0.0047	0.0031	0.0031	0.9891
0.1395	0.1577	0.2541	0.4486
0.1592	0.0996	0.4274	0.3138
0.2360	0.1774	0.2541	0.3325
0.1976	0.1764	0.3122	0.3138
0.1779	0.2925	0.2541	0.2754
0.2557	0.2345	0.2738	0.2360
