MEME version 4.4

ALPHABET= ACGT

strands: + -

Background letter frequencies:
A 0.29 C 0.21 G 0.21 T 0.29

MOTIF NR3C1_known18

letter-probability matrix: alength= 4 nsites=1000
0.2862	0.1016	0.3979	0.2144
0.4024	0.0080	0.5751	0.0145
0.0057	0.0041	0.9846	0.0057
0.3896	0.0287	0.1262	0.4555
0.9881	0.0031	0.0031	0.0057
0.0047	0.9866	0.0041	0.0047
0.9487	0.0041	0.0386	0.0086
0.1051	0.3900	0.0671	0.4378
0.3364	0.1606	0.2423	0.2606
0.5136	0.0464	0.3536	0.0864
0.0076	0.0258	0.0051	0.9615
0.0047	0.0031	0.9875	0.0047
0.0047	0.0031	0.0051	0.9871
0.3827	0.1380	0.0307	0.4486
0.0066	0.9836	0.0031	0.0066
0.0135	0.5829	0.0110	0.3925
0.2675	0.3792	0.1340	0.2193
