MEME version 4.4

ALPHABET= ACGT

strands: + -

Background letter frequencies:
A 0.29 C 0.21 G 0.21 T 0.29

MOTIF NR3C1_known1

letter-probability matrix: alength= 4 nsites=1000
0.2380	0.1587	0.2364	0.3669
0.2124	0.2108	0.3654	0.2114
0.2124	0.1055	0.4697	0.2124
0.2380	0.2108	0.4432	0.1080
0.2380	0.2364	0.1842	0.3413
0.3669	0.2364	0.1075	0.2892
0.1346	0.5731	0.1587	0.1336
0.3935	0.2108	0.1577	0.2380
0.3158	0.3398	0.1065	0.2380
0.2636	0.0809	0.0809	0.5747
0.2124	0.2610	0.3920	0.1346
0.0047	0.0031	0.0031	0.9891
0.0047	0.0031	0.9875	0.0047
0.1090	0.0287	0.0031	0.8592
0.1080	0.2364	0.1587	0.4969
0.0568	0.7798	0.1331	0.0303
0.2380	0.1331	0.0031	0.6258
0.3158	0.2108	0.1577	0.3158
0.2124	0.2364	0.3142	0.2370
