MEME version 4.4

ALPHABET= ACGT

strands: + -

Background letter frequencies:
A 0.29 C 0.21 G 0.21 T 0.29

MOTIF NR4A_known3

letter-probability matrix: alength= 4 nsites=1000
0.0086	0.0484	0.0120	0.9310
0.0411	0.0080	0.9452	0.0057
0.8936	0.0484	0.0533	0.0047
0.0194	0.9659	0.0031	0.0116
0.1720	0.8182	0.0031	0.0066
0.0047	0.0071	0.0080	0.9802
0.0116	0.0071	0.0031	0.9783
0.0047	0.0326	0.0031	0.9596
0.9350	0.0031	0.0523	0.0096
0.9743	0.0031	0.0031	0.0194
0.9862	0.0031	0.0061	0.0047
0.0116	0.0051	0.8192	0.1641
0.0155	0.0031	0.9708	0.0106
0.0411	0.0297	0.0415	0.8877
0.0047	0.9108	0.0159	0.0687
0.8277	0.0090	0.1547	0.0086
