MEME version 4.4

ALPHABET= ACGT

strands: + -

Background letter frequencies:
A 0.29 C 0.21 G 0.21 T 0.29

MOTIF NR4A_known2

letter-probability matrix: alength= 4 nsites=1000
0.9842	0.0041	0.0071	0.0047
0.0066	0.0041	0.8606	0.1287
0.0125	0.0041	0.9698	0.0135
0.0096	0.0267	0.0651	0.8985
0.0057	0.9236	0.0100	0.0608
0.9212	0.0041	0.0681	0.0066
0.4378	0.2650	0.1006	0.1966
0.2951	0.2049	0.2669	0.2331
0.2350	0.3132	0.2059	0.2459
0.1730	0.2138	0.2738	0.3394
0.2567	0.1222	0.3349	0.2862
0.0096	0.0484	0.0051	0.9369
0.0736	0.0100	0.9117	0.0047
0.8857	0.0769	0.0326	0.0047
0.0175	0.9600	0.0031	0.0194
0.1897	0.7985	0.0041	0.0076
0.0057	0.0051	0.0031	0.9862
