MEME version 4.4

ALPHABET= ACGT

strands: + -

Background letter frequencies:
A 0.29 C 0.21 G 0.21 T 0.29

MOTIF NR6A1_1

letter-probability matrix: alength= 4 nsites=1000
0.2439	0.4018	0.2158	0.1386
0.0578	0.1360	0.1892	0.6170
0.0844	0.7483	0.1360	0.0312
0.8296	0.0297	0.1094	0.0312
0.9359	0.0031	0.0297	0.0312
0.0312	0.0031	0.9610	0.0047
0.0047	0.0297	0.3486	0.6170
0.0047	0.0031	0.0031	0.9891
0.0047	0.9875	0.0031	0.0047
0.9891	0.0031	0.0031	0.0047
0.9625	0.0297	0.0031	0.0047
0.0047	0.0031	0.9078	0.0844
0.0312	0.0297	0.4550	0.4841
0.0312	0.0297	0.0563	0.8828
0.0047	0.9344	0.0031	0.0578
0.9094	0.0297	0.0297	0.0312
0.2449	0.3752	0.1626	0.2173
0.1641	0.3752	0.1892	0.2715
