MEME version 4.4

ALPHABET= ACGT

strands: + -

Background letter frequencies:
A 0.29 C 0.21 G 0.21 T 0.29

MOTIF NRF1_known2

letter-probability matrix: alength= 4 nsites=1000
0.0185	0.3506	0.0120	0.6190
0.2587	0.0051	0.7316	0.0047
0.0165	0.9718	0.0061	0.0057
0.0244	0.0051	0.9649	0.0057
0.0047	0.9866	0.0031	0.0057
0.9468	0.0179	0.0238	0.0116
0.0116	0.0425	0.0179	0.9281
0.0047	0.0041	0.9856	0.0057
0.0066	0.9679	0.0041	0.0214
0.0047	0.0169	0.9521	0.0263
0.0076	0.7976	0.0061	0.1888
0.4565	0.1764	0.1587	0.2084
