MEME version 4.4

ALPHABET= ACGT

strands: + -

Background letter frequencies:
A 0.29 C 0.21 G 0.21 T 0.29

MOTIF OBOX2_1

letter-probability matrix: alength= 4 nsites=1000
0.2941	0.1262	0.1429	0.4368
0.1248	0.1459	0.4048	0.3246
0.4467	0.1488	0.3103	0.0943
0.1553	0.0622	0.6420	0.1405
0.1897	0.0435	0.7168	0.0500
0.0736	0.0238	0.8546	0.0480
0.0677	0.0100	0.9049	0.0175
0.0224	0.0061	0.9364	0.0352
0.9615	0.0228	0.0051	0.0106
0.0135	0.0051	0.0090	0.9724
0.0283	0.0110	0.0061	0.9546
0.9261	0.0051	0.0149	0.0539
0.6879	0.0218	0.0819	0.2084
0.2911	0.5199	0.0641	0.1248
0.2587	0.0671	0.1547	0.5195
0.5077	0.2325	0.0947	0.1651
0.2222	0.2374	0.0779	0.4624
