MEME version 4.4

ALPHABET= ACGT

strands: + -

Background letter frequencies:
A 0.29 C 0.21 G 0.21 T 0.29

MOTIF ONECUT3_1

letter-probability matrix: alength= 4 nsites=1000
0.4644	0.1685	0.2276	0.1395
0.6278	0.0641	0.1882	0.1198
0.7794	0.0376	0.0661	0.1169
0.7932	0.0258	0.0179	0.1632
0.9606	0.0071	0.0189	0.0135
0.9802	0.0041	0.0100	0.0057
0.0096	0.0198	0.0051	0.9655
0.0086	0.9826	0.0031	0.0057
0.6406	0.0061	0.3467	0.0066
0.9832	0.0041	0.0041	0.0086
0.0116	0.0041	0.0041	0.9802
0.8956	0.0189	0.0307	0.0549
0.5904	0.1429	0.0710	0.1956
0.3059	0.2089	0.1055	0.3797
