MEME version 4.4

ALPHABET= ACGT

strands: + -

Background letter frequencies:
A 0.29 C 0.21 G 0.21 T 0.29

MOTIF OSR2_1

letter-probability matrix: alength= 4 nsites=1000
0.2951	0.2305	0.1793	0.2951
0.2862	0.1872	0.1862	0.3404
0.2882	0.2345	0.3270	0.1504
0.2646	0.1911	0.0838	0.4605
0.8306	0.1193	0.0218	0.0283
0.0096	0.9718	0.0051	0.0135
0.6534	0.0051	0.3349	0.0066
0.0076	0.0051	0.9807	0.0066
0.0440	0.0041	0.0080	0.9438
0.9694	0.0041	0.0198	0.0066
0.0086	0.0041	0.9797	0.0076
0.0057	0.9383	0.0100	0.0460
0.3423	0.2305	0.1340	0.2931
0.3413	0.3162	0.1675	0.1750
0.3610	0.1793	0.1478	0.3118
0.2675	0.1409	0.4323	0.1592
