MEME version 4.4

ALPHABET= ACGT

strands: + -

Background letter frequencies:
A 0.29 C 0.21 G 0.21 T 0.29

MOTIF OTX1_4

letter-probability matrix: alength= 4 nsites=1000
0.2134	0.2217	0.2886	0.2764
0.2646	0.2433	0.1340	0.3581
0.0667	0.0277	0.0031	0.9025
0.9300	0.0031	0.0346	0.0322
0.9871	0.0031	0.0051	0.0047
0.0185	0.0100	0.1646	0.8070
0.0135	0.9009	0.0809	0.0047
0.0372	0.9324	0.0031	0.0273
0.0106	0.0198	0.8625	0.1071
0.6997	0.2374	0.0179	0.0450
0.0145	0.0130	0.0051	0.9674
0.0529	0.0159	0.0031	0.9281
0.8710	0.0139	0.0346	0.0805
0.3335	0.1557	0.2571	0.2537
0.2459	0.3290	0.2354	0.1897
