MEME version 4.4

ALPHABET= ACGT

strands: + -

Background letter frequencies:
A 0.29 C 0.21 G 0.21 T 0.29

MOTIF PAX2_1

letter-probability matrix: alength= 4 nsites=1000
0.2596	0.3674	0.1488	0.2242
0.1632	0.3211	0.2256	0.2902
0.2203	0.2492	0.0641	0.4664
0.2508	0.3112	0.1882	0.2498
0.2508	0.0336	0.5879	0.1277
0.1582	0.0651	0.0031	0.7735
0.0352	0.6184	0.0956	0.2508
0.6505	0.0956	0.0956	0.1582
0.1897	0.4028	0.0956	0.3118
0.0962	0.0956	0.6184	0.1897
0.1031	0.4294	0.2325	0.2350
0.4644	0.0356	0.3644	0.1356
0.1356	0.1675	0.1016	0.5953
0.1405	0.1045	0.4786	0.2764
0.6160	0.1724	0.0710	0.1405
0.1228	0.3181	0.2000	0.3591
0.0568	0.2620	0.3654	0.3158
0.2311	0.2305	0.3821	0.1563
0.3000	0.2984	0.2000	0.2016
