MEME version 4.4

ALPHABET= ACGT

strands: + -

Background letter frequencies:
A 0.29 C 0.21 G 0.21 T 0.29

MOTIF PAX3_1

letter-probability matrix: alength= 4 nsites=1000
0.4103	0.0996	0.1961	0.2941
0.3325	0.2925	0.1764	0.1986
0.4486	0.2541	0.1961	0.1011
0.2557	0.1961	0.1961	0.3522
0.2360	0.1577	0.2158	0.3906
0.1976	0.2541	0.2541	0.2941
0.0815	0.5446	0.1764	0.1976
0.0628	0.0415	0.7946	0.1011
0.1208	0.0415	0.0031	0.8345
0.0244	0.7355	0.2158	0.0244
0.8542	0.0612	0.0228	0.0618
0.0244	0.8714	0.0031	0.1011
0.0047	0.0031	0.8911	0.1011
0.0244	0.4087	0.4855	0.0815
0.1976	0.0612	0.0031	0.7381
0.1976	0.2925	0.0228	0.4870
0.2941	0.1961	0.2925	0.2173
0.2941	0.2728	0.1577	0.2754
0.2941	0.0996	0.4087	0.1976
0.2557	0.1961	0.2925	0.2557
0.3138	0.1577	0.1764	0.3522
