MEME version 4.4

ALPHABET= ACGT

strands: + -

Background letter frequencies:
A 0.29 C 0.21 G 0.21 T 0.29

MOTIF PAX4_1

letter-probability matrix: alength= 4 nsites=1000
0.1563	0.2679	0.3063	0.2695
0.0332	0.1153	0.7345	0.1169
0.1454	0.3782	0.2374	0.2390
0.2626	0.3546	0.3782	0.0047
0.0736	0.0720	0.5751	0.2793
0.0047	0.0868	0.0661	0.8424
0.0047	0.6666	0.3240	0.0047
0.8286	0.0258	0.1409	0.0047
0.2567	0.1173	0.1409	0.4851
0.0047	0.0947	0.7818	0.1189
0.0736	0.6902	0.1626	0.0736
0.0736	0.0720	0.7582	0.0962
0.0047	0.1715	0.1705	0.6534
0.1858	0.1331	0.5987	0.0824
0.2508	0.3418	0.1567	0.2508
0.2016	0.1340	0.3969	0.2675
0.1356	0.4628	0.3644	0.0372
0.3226	0.1616	0.4156	0.1002
0.2764	0.2069	0.2748	0.2419
0.0775	0.4776	0.1488	0.2961
0.2409	0.3575	0.2394	0.1622
