MEME version 4.4

ALPHABET= ACGT

strands: + -

Background letter frequencies:
A 0.29 C 0.21 G 0.21 T 0.29

MOTIF PAX4_5

letter-probability matrix: alength= 4 nsites=1000
0.3325	0.0966	0.5190	0.0519
0.9419	0.0031	0.0504	0.0047
0.7548	0.0966	0.0504	0.0982
0.5205	0.0494	0.0504	0.3797
0.6140	0.0504	0.1439	0.1917
0.5205	0.1439	0.0494	0.2862
0.2862	0.0504	0.0966	0.5668
0.4270	0.0494	0.0504	0.4733
0.2390	0.1439	0.2847	0.3325
0.2390	0.5190	0.0504	0.1917
0.2862	0.5190	0.1902	0.0047
0.3335	0.3309	0.2374	0.0982
0.3797	0.3309	0.0976	0.1917
0.2862	0.2364	0.0504	0.4270
0.4733	0.2374	0.1911	0.0982
0.1917	0.3782	0.1902	0.2399
0.1454	0.2847	0.1902	0.3797
0.3325	0.3782	0.1439	0.1454
0.1917	0.4254	0.1439	0.2390
0.4270	0.2847	0.0966	0.1917
0.2390	0.3309	0.2384	0.1917
0.2390	0.2847	0.0966	0.3797
0.3325	0.5190	0.0031	0.1454
0.2852	0.4254	0.0504	0.2390
0.1454	0.5662	0.0966	0.1917
0.3325	0.4254	0.0966	0.1454
0.1454	0.5652	0.0976	0.1917
0.0519	0.5190	0.1439	0.2852
0.2852	0.5190	0.0504	0.1454
0.1454	0.6125	0.0966	0.1454
