MEME version 4.4

ALPHABET= ACGT

strands: + -

Background letter frequencies:
A 0.29 C 0.21 G 0.21 T 0.29

MOTIF PAX6_2

letter-probability matrix: alength= 4 nsites=1000
0.0943	0.8537	0.0474	0.0047
0.0500	0.0031	0.0474	0.8995
0.0047	0.0031	0.9875	0.0047
0.7656	0.0031	0.0474	0.1838
0.0047	0.7641	0.2266	0.0047
0.0490	0.8537	0.0927	0.0047
0.0047	0.0474	0.0031	0.9448
0.0047	0.0031	0.8980	0.0943
0.0047	0.0031	0.8980	0.0943
0.8562	0.0474	0.0474	0.0490
0.9448	0.0031	0.0474	0.0047
0.0490	0.8094	0.0927	0.0490
0.0490	0.0474	0.1380	0.7656
0.3630	0.4510	0.0474	0.1386
