MEME version 4.4

ALPHABET= ACGT

strands: + -

Background letter frequencies:
A 0.29 C 0.21 G 0.21 T 0.29

MOTIF PAX6_1

letter-probability matrix: alength= 4 nsites=1000
0.3935	0.1842	0.1587	0.2636
0.4851	0.2089	0.0720	0.2340
0.2144	0.1911	0.2128	0.3817
0.1720	0.2965	0.1911	0.3404
0.0677	0.0454	0.0858	0.8011
0.0470	0.0031	0.0238	0.9261
0.0677	0.6105	0.0238	0.2980
0.8434	0.1075	0.0238	0.0253
0.0677	0.8202	0.0031	0.1090
0.0253	0.0031	0.9245	0.0470
0.0263	0.7739	0.1527	0.0470
0.4861	0.0454	0.0238	0.4447
0.0253	0.0868	0.0031	0.8848
0.0490	0.2935	0.5859	0.0716
0.8424	0.0238	0.1291	0.0047
0.2980	0.2335	0.3171	0.1514
0.0470	0.0888	0.0681	0.7962
0.0263	0.0031	0.4313	0.5392
0.3020	0.3920	0.2089	0.0972
0.4349	0.2492	0.1262	0.1897
0.1454	0.4254	0.1084	0.3207
