MEME version 4.4

ALPHABET= ACGT

strands: + -

Background letter frequencies:
A 0.29 C 0.21 G 0.21 T 0.29

MOTIF PAX6_3

letter-probability matrix: alength= 4 nsites=1000
0.0509	0.0947	0.0947	0.7597
0.0509	0.0494	0.0031	0.8966
0.0962	0.5987	0.0258	0.2793
0.8976	0.0494	0.0258	0.0273
0.0736	0.7818	0.0258	0.1189
0.0273	0.0041	0.9413	0.0273
0.0273	0.8497	0.0956	0.0273
0.4851	0.0484	0.0494	0.4171
0.0273	0.0947	0.0258	0.8523
0.0509	0.3240	0.5741	0.0509
0.8286	0.0031	0.1409	0.0273
0.2567	0.2551	0.3004	0.1878
0.0273	0.1173	0.0720	0.7834
0.0273	0.0031	0.3929	0.5766
