MEME version 4.4

ALPHABET= ACGT

strands: + -

Background letter frequencies:
A 0.29 C 0.21 G 0.21 T 0.29

MOTIF PAX8_1

letter-probability matrix: alength= 4 nsites=1000
0.3896	0.0888	0.1744	0.3473
0.0903	0.5170	0.2601	0.1326
0.4752	0.2167	0.0888	0.2193
0.1326	0.2601	0.3457	0.2616
0.2183	0.2167	0.0454	0.5195
0.2616	0.3457	0.2167	0.1760
0.3896	0.1321	0.1311	0.3473
0.2183	0.2167	0.0454	0.5195
0.0480	0.0888	0.7306	0.1326
0.2183	0.6036	0.1311	0.0470
0.3473	0.0454	0.5170	0.0903
0.0470	0.0464	0.0888	0.8178
0.0903	0.0454	0.7316	0.1326
0.5609	0.0888	0.2601	0.0903
0.3039	0.1311	0.3457	0.2193
0.2616	0.2167	0.1744	0.3473
0.2183	0.2177	0.1311	0.4329
0.3039	0.3034	0.2601	0.1326
