MEME version 4.4

ALPHABET= ACGT

strands: + -

Background letter frequencies:
A 0.29 C 0.21 G 0.21 T 0.29

MOTIF PAX9_1

letter-probability matrix: alength= 4 nsites=1000
0.0431	0.5987	0.2935	0.0647
0.0047	0.0031	0.9846	0.0076
0.0253	0.0071	0.0051	0.9625
0.0047	0.9452	0.0031	0.0470
0.9674	0.0238	0.0041	0.0047
0.0047	0.9236	0.0031	0.0687
0.0047	0.0031	0.9875	0.0047
0.0047	0.8261	0.1646	0.0047
0.5934	0.0297	0.0071	0.3699
0.0047	0.0238	0.0031	0.9684
0.0057	0.2827	0.7060	0.0057
0.8592	0.0031	0.1331	0.0047
0.1819	0.4087	0.2778	0.1317
0.0066	0.0641	0.0031	0.9261
0.0391	0.0051	0.8891	0.0667
0.3039	0.5761	0.1153	0.0047
0.4339	0.2650	0.1291	0.1720
