MEME version 4.4

ALPHABET= ACGT

strands: + -

Background letter frequencies:
A 0.29 C 0.21 G 0.21 T 0.29

MOTIF PBX1_5

letter-probability matrix: alength= 4 nsites=1000
0.2134	0.2768	0.1537	0.3561
0.0677	0.4884	0.1527	0.2911
0.5825	0.0376	0.1449	0.2350
0.1198	0.3949	0.0966	0.3886
0.3719	0.3870	0.1094	0.1317
0.1120	0.7267	0.0888	0.0726
0.8513	0.0228	0.0740	0.0519
0.0342	0.0139	0.0110	0.9409
0.0352	0.9364	0.0120	0.0165
0.9222	0.0326	0.0238	0.0214
0.7341	0.0651	0.0287	0.1720
0.3138	0.0523	0.0612	0.5727
0.3236	0.3191	0.1478	0.2094
0.3916	0.1399	0.0927	0.3758
0.3551	0.1409	0.1478	0.3561
0.2616	0.2847	0.2394	0.2144
0.3660	0.3526	0.2059	0.0755
