MEME version 4.4

ALPHABET= ACGT

strands: + -

Background letter frequencies:
A 0.29 C 0.21 G 0.21 T 0.29

MOTIF PLAGL1_1

letter-probability matrix: alength= 4 nsites=1000
0.1228	0.2404	0.2984	0.3384
0.2370	0.2768	0.1921	0.2941
0.2055	0.1527	0.4628	0.1789
0.1897	0.1153	0.5091	0.1858
0.0509	0.0445	0.8281	0.0765
0.1346	0.0071	0.8389	0.0194
0.0086	0.0090	0.9492	0.0332
0.0076	0.6450	0.3408	0.0066
0.0066	0.3408	0.6450	0.0076
0.0332	0.9492	0.0090	0.0086
0.0194	0.8389	0.0071	0.1346
0.0765	0.8291	0.0435	0.0509
0.1956	0.5386	0.0651	0.2006
0.2114	0.2335	0.2581	0.2970
0.3748	0.1921	0.2601	0.1730
0.2301	0.2561	0.2984	0.2153
