MEME version 4.4

ALPHABET= ACGT

strands: + -

Background letter frequencies:
A 0.29 C 0.21 G 0.21 T 0.29

MOTIF POU1F1_4

letter-probability matrix: alength= 4 nsites=1000
0.2055	0.3467	0.2335	0.2144
0.1996	0.1793	0.2010	0.4201
0.1612	0.4136	0.1498	0.2754
0.6544	0.0720	0.1055	0.1681
0.0273	0.0632	0.0267	0.8828
0.0706	0.0326	0.8478	0.0490
0.4496	0.4884	0.0248	0.0372
0.8572	0.0661	0.0326	0.0440
0.0135	0.0159	0.0139	0.9566
0.7361	0.0533	0.0819	0.1287
0.5343	0.1124	0.0779	0.2754
0.1445	0.1016	0.1262	0.6278
0.1080	0.1606	0.1193	0.6121
0.5461	0.1754	0.1252	0.1533
0.6859	0.0858	0.1193	0.1090
0.1317	0.1833	0.1508	0.5343
0.1376	0.1764	0.4166	0.2695
