MEME version 4.4

ALPHABET= ACGT

strands: + -

Background letter frequencies:
A 0.29 C 0.21 G 0.21 T 0.29

MOTIF POU1F1_2

letter-probability matrix: alength= 4 nsites=1000
0.4103	0.1764	0.1193	0.2941
0.5254	0.3506	0.0031	0.1208
0.0628	0.0031	0.0031	0.9310
0.0047	0.0612	0.1764	0.7578
0.0047	0.9875	0.0031	0.0047
0.6997	0.0612	0.0031	0.2360
0.1208	0.0031	0.0031	0.8729
0.5254	0.0612	0.2354	0.1779
0.5254	0.2345	0.0031	0.2370
0.3522	0.0031	0.0612	0.5835
0.0047	0.1764	0.1764	0.6426
0.6416	0.1193	0.2345	0.0047
0.2360	0.0612	0.0031	0.6997
0.4683	0.1764	0.0612	0.2941
0.2360	0.4087	0.1193	0.2360
0.4103	0.3506	0.0612	0.1779
0.1888	0.4343	0.1262	0.2508
0.5343	0.2305	0.0031	0.2321
