MEME version 4.4

ALPHABET= ACGT

strands: + -

Background letter frequencies:
A 0.29 C 0.21 G 0.21 T 0.29

MOTIF POU2F2_4

letter-probability matrix: alength= 4 nsites=1000
0.1819	0.2640	0.0769	0.4772
0.5323	0.0858	0.0888	0.2931
0.0982	0.0504	0.0514	0.8001
0.0667	0.0100	0.9029	0.0204
0.7341	0.2502	0.0071	0.0086
0.9625	0.0071	0.0080	0.0224
0.0322	0.0051	0.0041	0.9586
0.9546	0.0061	0.0051	0.0342
0.0253	0.0061	0.0051	0.9635
0.0076	0.0061	0.4274	0.5589
0.0155	0.9305	0.0090	0.0450
0.8720	0.0405	0.0287	0.0588
0.4565	0.0917	0.0720	0.3797
0.6318	0.0641	0.2020	0.1021
