MEME version 4.4

ALPHABET= ACGT

strands: + -

Background letter frequencies:
A 0.29 C 0.21 G 0.21 T 0.29

MOTIF POU2F2_known1

letter-probability matrix: alength= 4 nsites=1000
0.3000	0.2660	0.1340	0.3000
0.1563	0.2049	0.2807	0.3581
0.2951	0.3162	0.2719	0.1169
0.4496	0.2345	0.1380	0.1779
0.4782	0.0218	0.1852	0.3148
0.0224	0.0208	0.0031	0.9537
0.9891	0.0031	0.0031	0.0047
0.0047	0.0031	0.0031	0.9891
0.0047	0.0031	0.9875	0.0047
0.0047	0.9344	0.0208	0.0401
0.7607	0.0031	0.0031	0.2331
0.9891	0.0031	0.0031	0.0047
0.9714	0.0031	0.0208	0.0047
0.0568	0.0031	0.0208	0.9192
0.2596	0.1311	0.1675	0.4418
0.0785	0.2079	0.1144	0.5993
0.1622	0.3772	0.2788	0.1819
0.2715	0.2285	0.2906	0.2094
0.2675	0.2000	0.3093	0.2232
