MEME version 4.4

ALPHABET= ACGT

strands: + -

Background letter frequencies:
A 0.29 C 0.21 G 0.21 T 0.29

MOTIF POU3F3_1

letter-probability matrix: alength= 4 nsites=1000
0.4004	0.1833	0.1311	0.2852
0.6318	0.0996	0.0907	0.1779
0.3069	0.1606	0.3044	0.2281
0.3413	0.1045	0.2650	0.2892
0.0943	0.1025	0.0366	0.7666
0.7912	0.0799	0.0297	0.0992
0.0116	0.0553	0.0051	0.9281
0.0204	0.0071	0.9364	0.0362
0.0893	0.8950	0.0051	0.0106
0.9724	0.0051	0.0139	0.0086
0.0352	0.0090	0.0139	0.9419
0.8848	0.0130	0.0159	0.0864
0.6603	0.0661	0.0100	0.2636
0.1720	0.0966	0.2305	0.5008
0.3423	0.1340	0.2689	0.2547
0.3709	0.1183	0.2413	0.2695
0.5934	0.0681	0.0996	0.2390
