MEME version 4.4

ALPHABET= ACGT

strands: + -

Background letter frequencies:
A 0.29 C 0.21 G 0.21 T 0.29

MOTIF POU3F2_1

letter-probability matrix: alength= 4 nsites=1000
0.1691	0.2492	0.3309	0.2508
0.1691	0.3309	0.1675	0.3325
0.0874	0.7414	0.0848	0.0864
0.9074	0.0031	0.0031	0.0864
0.0864	0.0031	0.0031	0.9074
0.1031	0.2984	0.2984	0.3000
0.1031	0.4953	0.2984	0.1031
0.3984	0.0031	0.3969	0.2016
0.4969	0.0031	0.0031	0.4969
0.9891	0.0031	0.0031	0.0047
0.9891	0.0031	0.0031	0.0047
0.0864	0.0031	0.0031	0.9074
0.3325	0.1675	0.4136	0.0864
0.4979	0.3309	0.0848	0.0864
0.4152	0.0031	0.4136	0.1681
0.1691	0.4136	0.0848	0.3325
