MEME version 4.4

ALPHABET= ACGT

strands: + -

Background letter frequencies:
A 0.29 C 0.21 G 0.21 T 0.29

MOTIF POU4F2_2

letter-probability matrix: alength= 4 nsites=1000
0.4565	0.1478	0.2364	0.1592
0.0401	0.0425	0.0198	0.8976
0.0549	0.0120	0.9068	0.0263
0.3187	0.6715	0.0041	0.0057
0.9822	0.0051	0.0041	0.0086
0.0047	0.0031	0.0031	0.9891
0.9044	0.0061	0.0071	0.0824
0.7430	0.0258	0.0179	0.2134
0.0303	0.0218	0.0130	0.9350
0.1051	0.0061	0.0061	0.8828
0.8976	0.0110	0.0701	0.0214
0.9852	0.0041	0.0061	0.0047
0.0116	0.0130	0.0267	0.9487
0.0401	0.0494	0.6095	0.3010
0.7991	0.0622	0.0730	0.0657
0.1641	0.1488	0.6204	0.0667
