MEME version 4.4

ALPHABET= ACGT

strands: + -

Background letter frequencies:
A 0.29 C 0.21 G 0.21 T 0.29

MOTIF POU5F1_known3

letter-probability matrix: alength= 4 nsites=1000
0.0500	0.6135	0.0514	0.2852
0.4221	0.0445	0.0228	0.5107
0.0125	0.0395	0.0287	0.9192
0.0381	0.0120	0.0602	0.8897
0.0893	0.2640	0.5967	0.0500
0.3030	0.0159	0.0238	0.6573
0.1523	0.2660	0.1370	0.4447
0.8926	0.0248	0.0208	0.0618
0.0165	0.0071	0.0139	0.9625
0.0116	0.0149	0.8940	0.0795
0.0155	0.7434	0.0956	0.1454
0.7617	0.0149	0.0248	0.1986
0.6455	0.0523	0.2305	0.0716
0.8729	0.0267	0.0573	0.0431
0.1474	0.0888	0.1527	0.6111
