MEME version 4.4

ALPHABET= ACGT

strands: + -

Background letter frequencies:
A 0.29 C 0.21 G 0.21 T 0.29

MOTIF POU6F2_2

letter-probability matrix: alength= 4 nsites=1000
0.2764	0.2158	0.1045	0.4034
0.0047	0.0041	0.0031	0.9881
0.9084	0.0051	0.0100	0.0765
0.9822	0.0071	0.0061	0.0047
0.0165	0.0159	0.0484	0.9192
0.0145	0.0258	0.5062	0.4536
0.9576	0.0110	0.0061	0.0253
0.0185	0.0976	0.8291	0.0549
0.0549	0.8320	0.0612	0.0519
0.0263	0.0090	0.0090	0.9556
0.6022	0.3477	0.0169	0.0332
0.9527	0.0228	0.0100	0.0145
0.0096	0.0031	0.0031	0.9842
0.0352	0.0041	0.0031	0.9576
0.9842	0.0031	0.0031	0.0096
0.4516	0.0661	0.1892	0.2931
