MEME version 4.4

ALPHABET= ACGT

strands: + -

Background letter frequencies:
A 0.29 C 0.21 G 0.21 T 0.29

MOTIF POU6F1_3

letter-probability matrix: alength= 4 nsites=1000
0.3788	0.2108	0.2945	0.1159
0.3492	0.3083	0.0760	0.2665
0.3551	0.2266	0.1705	0.2478
0.2311	0.3477	0.3103	0.1110
0.7509	0.0494	0.0189	0.1809
0.0194	0.0061	0.0031	0.9714
0.9734	0.0041	0.0051	0.0175
0.9812	0.0041	0.0051	0.0096
0.0066	0.0051	0.0061	0.9822
0.0135	0.0041	0.7926	0.1897
0.9793	0.0071	0.0061	0.0076
0.0096	0.0071	0.9531	0.0303
0.0943	0.2886	0.5288	0.0883
0.1671	0.1439	0.0317	0.6573
0.1671	0.1193	0.2748	0.4388
0.1553	0.1527	0.4097	0.2823
0.2419	0.4432	0.1370	0.1779
