MEME version 4.4

ALPHABET= ACGT

strands: + -

Background letter frequencies:
A 0.29 C 0.21 G 0.21 T 0.29

MOTIF PPARA_2

letter-probability matrix: alength= 4 nsites=1000
0.1602	0.3142	0.1065	0.4191
0.2636	0.3132	0.2108	0.2124
0.3158	0.1065	0.4697	0.1080
0.0047	0.0031	0.9875	0.0047
0.0047	0.0031	0.9875	0.0047
0.0047	0.0553	0.0553	0.8848
0.0568	0.6765	0.1065	0.1602
0.8336	0.0553	0.1065	0.0047
0.0047	0.0031	0.0031	0.9891
0.3000	0.0031	0.2000	0.4969
0.1080	0.1065	0.6253	0.1602
0.2114	0.0553	0.7286	0.0047
0.0047	0.0031	0.9875	0.0047
0.0047	0.0031	0.9875	0.0047
0.0047	0.0031	0.1065	0.8857
0.0047	0.5209	0.3664	0.1080
0.6258	0.0031	0.2108	0.1602
0.2783	0.1675	0.3861	0.1681
0.0588	0.0582	0.6597	0.2232
