MEME version 4.4

ALPHABET= ACGT

strands: + -

Background letter frequencies:
A 0.29 C 0.21 G 0.21 T 0.29

MOTIF PPARA_1

letter-probability matrix: alength= 4 nsites=1000
0.1454	0.7060	0.1439	0.0047
0.5668	0.1439	0.0031	0.2862
0.5668	0.0031	0.4254	0.0047
0.7076	0.1439	0.1439	0.0047
0.5668	0.0031	0.1439	0.2862
0.1454	0.7060	0.1439	0.0047
0.0047	0.2847	0.0031	0.7076
0.8483	0.0031	0.1439	0.0047
0.0047	0.0031	0.9875	0.0047
0.0047	0.0031	0.9875	0.0047
0.1445	0.2847	0.1439	0.4270
0.1454	0.8468	0.0031	0.0047
0.9891	0.0031	0.0031	0.0047
0.7076	0.0031	0.0031	0.2862
0.9891	0.0031	0.0031	0.0047
0.0047	0.0031	0.9875	0.0047
0.0047	0.0031	0.7060	0.2862
0.0047	0.0031	0.0031	0.9891
0.0047	0.8468	0.1439	0.0047
0.8483	0.0031	0.0031	0.1454
