MEME version 4.4

ALPHABET= ACGT

strands: + -

Background letter frequencies:
A 0.29 C 0.21 G 0.21 T 0.29

MOTIF PROX1_1

letter-probability matrix: alength= 4 nsites=1000
0.0559	0.4422	0.1616	0.3404
0.9448	0.0080	0.0297	0.0175
0.8198	0.0582	0.0149	0.1071
0.0234	0.0031	0.9688	0.0047
0.9586	0.0090	0.0267	0.0057
0.0145	0.9679	0.0031	0.0145
0.0086	0.0041	0.9029	0.0844
0.0076	0.4953	0.0051	0.4920
0.0057	0.9777	0.0071	0.0096
0.0057	0.0041	0.0395	0.9507
0.0096	0.0504	0.0139	0.9261
0.6288	0.1646	0.1803	0.0263
