MEME version 4.4

ALPHABET= ACGT

strands: + -

Background letter frequencies:
A 0.29 C 0.21 G 0.21 T 0.29

MOTIF RARA_3

letter-probability matrix: alength= 4 nsites=1000
0.3256	0.0041	0.6607	0.0096
0.9241	0.0051	0.0661	0.0047
0.0047	0.0031	0.9875	0.0047
0.0057	0.0031	0.9620	0.0293
0.0047	0.0120	0.0051	0.9783
0.0076	0.9501	0.0376	0.0047
0.9812	0.0031	0.0110	0.0047
0.7282	0.0031	0.0415	0.2272
0.9192	0.0041	0.0080	0.0687
0.9724	0.0120	0.0110	0.0047
0.0047	0.0031	0.9866	0.0057
0.0047	0.0031	0.8714	0.1208
0.0096	0.0031	0.0031	0.9842
0.0047	0.9846	0.0031	0.0076
0.9871	0.0031	0.0051	0.0047
0.6800	0.0484	0.0405	0.2311
0.0086	0.0031	0.4057	0.5825
0.0047	0.2079	0.4057	0.3817
