MEME version 4.4

ALPHABET= ACGT

strands: + -

Background letter frequencies:
A 0.29 C 0.21 G 0.21 T 0.29

MOTIF RARA_1

letter-probability matrix: alength= 4 nsites=1000
0.2242	0.1774	0.2650	0.3335
0.2764	0.3575	0.1203	0.2459
0.1100	0.2669	0.2335	0.3896
0.2449	0.4038	0.1478	0.2035
0.8434	0.0533	0.0425	0.0608
0.8060	0.0159	0.1665	0.0116
0.8956	0.0090	0.0897	0.0057
0.0076	0.0041	0.9757	0.0125
0.0057	0.0041	0.8871	0.1031
0.0076	0.0041	0.0120	0.9763
0.0047	0.9639	0.0080	0.0234
0.9537	0.0041	0.0366	0.0057
0.1829	0.5131	0.0789	0.2252
0.1858	0.3821	0.3063	0.1258
0.2311	0.2285	0.2236	0.3167
0.2193	0.1705	0.3644	0.2459
