MEME version 4.4

ALPHABET= ACGT

strands: + -

Background letter frequencies:
A 0.29 C 0.21 G 0.21 T 0.29

MOTIF RARG_8

letter-probability matrix: alength= 4 nsites=1000
0.6190	0.0100	0.3359	0.0352
0.9606	0.0051	0.0297	0.0047
0.0047	0.0031	0.9875	0.0047
0.0047	0.0031	0.9236	0.0687
0.0057	0.0041	0.0041	0.9862
0.0047	0.9866	0.0041	0.0047
0.9862	0.0041	0.0051	0.0047
0.3925	0.1272	0.0661	0.4142
0.1622	0.4727	0.2975	0.0677
0.2419	0.3132	0.0681	0.3768
0.8277	0.0454	0.0494	0.0775
0.7371	0.0090	0.2236	0.0303
0.8729	0.0080	0.1144	0.0047
0.0047	0.0031	0.9875	0.0047
0.0047	0.0031	0.9245	0.0677
0.0057	0.0031	0.0031	0.9881
0.0047	0.9836	0.0031	0.0086
0.9891	0.0031	0.0031	0.0047
