MEME version 4.4

ALPHABET= ACGT

strands: + -

Background letter frequencies:
A 0.29 C 0.21 G 0.21 T 0.29

MOTIF RARG_9

letter-probability matrix: alength= 4 nsites=1000
0.8198	0.0051	0.1646	0.0106
0.9330	0.0041	0.0573	0.0057
0.0047	0.0041	0.9866	0.0047
0.0047	0.0031	0.9531	0.0391
0.0047	0.0051	0.0061	0.9842
0.0047	0.9875	0.0031	0.0047
0.9852	0.0041	0.0061	0.0047
0.2665	0.5062	0.0760	0.1514
0.0647	0.3447	0.4717	0.1189
0.6751	0.1035	0.1183	0.1031
0.5461	0.0149	0.4235	0.0155
0.7971	0.0100	0.1872	0.0057
0.0047	0.0031	0.9875	0.0047
0.0047	0.0051	0.9275	0.0628
0.0076	0.0041	0.0031	0.9852
0.0057	0.9816	0.0031	0.0096
0.9871	0.0041	0.0041	0.0047
