MEME version 4.4

ALPHABET= ACGT

strands: + -

Background letter frequencies:
A 0.29 C 0.21 G 0.21 T 0.29

MOTIF REST_known3

letter-probability matrix: alength= 4 nsites=1000
0.0047	0.1439	0.7769	0.0746
0.0755	0.5652	0.0031	0.3561
0.2862	0.0730	0.4953	0.1454
0.0047	0.9177	0.0730	0.0047
0.0746	0.0031	0.0031	0.9192
0.0047	0.1439	0.8468	0.0047
0.0047	0.1439	0.0031	0.8483
0.0047	0.9177	0.0031	0.0746
0.0047	0.9177	0.0730	0.0047
0.3561	0.1439	0.4953	0.0047
0.0047	0.4254	0.0031	0.5668
0.0047	0.0031	0.8468	0.1454
0.0047	0.1439	0.8468	0.0047
0.0746	0.0031	0.0031	0.9192
0.0047	0.0031	0.8468	0.1454
0.0047	0.9875	0.0031	0.0047
0.0746	0.0031	0.0031	0.9192
0.0047	0.0730	0.9177	0.0047
0.6377	0.1439	0.2138	0.0047
