MEME version 4.4

ALPHABET= ACGT

strands: + -

Background letter frequencies:
A 0.29 C 0.21 G 0.21 T 0.29

MOTIF RFX3_1

letter-probability matrix: alength= 4 nsites=1000
0.2193	0.2305	0.1537	0.3965
0.2655	0.1272	0.3191	0.2882
0.1198	0.1872	0.1734	0.5195
0.1149	0.2768	0.4057	0.2025
0.3423	0.3093	0.1252	0.2232
0.1947	0.3713	0.1577	0.2764
0.1681	0.5731	0.1321	0.1267
0.0116	0.9196	0.0494	0.0194
0.2567	0.2876	0.1272	0.3285
0.0066	0.0159	0.0061	0.9714
0.8424	0.0100	0.1419	0.0057
0.0421	0.0051	0.9452	0.0076
0.0145	0.9098	0.0051	0.0706
0.9330	0.0041	0.0445	0.0185
0.9802	0.0061	0.0071	0.0066
0.0086	0.9748	0.0041	0.0125
0.2104	0.3674	0.3171	0.1051
0.3226	0.1872	0.3703	0.1198
0.3266	0.1803	0.2256	0.2675
0.3000	0.1852	0.1340	0.3807
0.3010	0.2660	0.0976	0.3354
0.4162	0.1911	0.1291	0.2636
0.3856	0.2039	0.1272	0.2833
