MEME version 4.4

ALPHABET= ACGT

strands: + -

Background letter frequencies:
A 0.29 C 0.21 G 0.21 T 0.29

MOTIF RFX3_4

letter-probability matrix: alength= 4 nsites=1000
0.0933	0.3861	0.4097	0.1110
0.0066	0.0041	0.9846	0.0047
0.0057	0.0051	0.0041	0.9852
0.0923	0.0228	0.0041	0.8808
0.2754	0.0100	0.6637	0.0509
0.0047	0.8753	0.0080	0.1120
0.0057	0.8350	0.0031	0.1563
0.9714	0.0031	0.0090	0.0165
0.0106	0.0061	0.0051	0.9783
0.1543	0.0031	0.8379	0.0047
0.0883	0.0031	0.9029	0.0057
0.0509	0.5957	0.0130	0.3404
0.9094	0.0041	0.0464	0.0401
0.9852	0.0041	0.0031	0.0076
0.0047	0.9659	0.0051	0.0244
0.1317	0.2246	0.5800	0.0637
