MEME version 4.4

ALPHABET= ACGT

strands: + -

Background letter frequencies:
A 0.29 C 0.21 G 0.21 T 0.29

MOTIF RFX5_known5

letter-probability matrix: alength= 4 nsites=1000
0.1464	0.3142	0.2069	0.3325
0.3630	0.2738	0.1439	0.2193
0.1691	0.5554	0.1774	0.0982
0.0066	0.9482	0.0346	0.0106
0.3984	0.2502	0.1212	0.2301
0.0066	0.0149	0.0071	0.9714
0.7656	0.0100	0.2187	0.0057
0.0470	0.0051	0.9423	0.0057
0.0096	0.9413	0.0041	0.0450
0.9468	0.0041	0.0346	0.0145
0.9802	0.0061	0.0080	0.0057
0.0066	0.9787	0.0041	0.0106
0.1179	0.3467	0.4599	0.0755
0.2803	0.1823	0.3713	0.1661
0.2823	0.1833	0.2187	0.3158
