MEME version 4.4

ALPHABET= ACGT

strands: + -

Background letter frequencies:
A 0.29 C 0.21 G 0.21 T 0.29

MOTIF RHOXF1_1

letter-probability matrix: alength= 4 nsites=1000
0.5353	0.1311	0.1478	0.1858
0.3305	0.2738	0.2276	0.1681
0.1769	0.1144	0.3811	0.3276
0.2961	0.2807	0.2295	0.1937
0.1307	0.5554	0.0651	0.2488
0.0312	0.0179	0.9373	0.0135
0.0903	0.7533	0.1488	0.0076
0.0116	0.0041	0.0090	0.9753
0.0431	0.0041	0.9314	0.0214
0.0106	0.0080	0.0061	0.9753
0.5579	0.0061	0.0071	0.4290
0.7725	0.0395	0.0346	0.1533
0.5156	0.1055	0.0159	0.3630
0.3138	0.1124	0.3319	0.2419
0.2380	0.3555	0.2797	0.1267
0.3148	0.1646	0.4225	0.0982
0.4063	0.1350	0.1045	0.3541
