MEME version 4.4

ALPHABET= ACGT

strands: + -

Background letter frequencies:
A 0.29 C 0.21 G 0.21 T 0.29

MOTIF RORA_7

letter-probability matrix: alength= 4 nsites=1000
0.2419	0.0386	0.0868	0.6327
0.9448	0.0139	0.0051	0.0362
0.5353	0.0061	0.0041	0.4546
0.0854	0.5505	0.2660	0.0982
0.0047	0.0061	0.0100	0.9793
0.6761	0.0051	0.3132	0.0057
0.0047	0.0041	0.9826	0.0086
0.0057	0.0031	0.9866	0.0047
0.0047	0.0317	0.0218	0.9419
0.0145	0.4707	0.0061	0.5087
0.9842	0.0051	0.0051	0.0057
0.0234	0.2354	0.6863	0.0549
0.0057	0.0198	0.0258	0.9487
0.9556	0.0041	0.0346	0.0057
0.0057	0.0041	0.9816	0.0086
0.0047	0.0061	0.9836	0.0057
0.0086	0.0159	0.0139	0.9615
0.0057	0.9787	0.0031	0.0125
0.9586	0.0031	0.0326	0.0057
