MEME version 4.4

ALPHABET= ACGT

strands: + -

Background letter frequencies:
A 0.29 C 0.21 G 0.21 T 0.29

MOTIF RUNX3_1

letter-probability matrix: alength= 4 nsites=1000
0.3453	0.1803	0.1025	0.3719
0.4959	0.1124	0.2758	0.1159
0.8060	0.0819	0.0937	0.0185
0.0155	0.9560	0.0159	0.0125
0.0145	0.9492	0.0228	0.0135
0.1819	0.0179	0.7808	0.0194
0.0185	0.9354	0.0228	0.0234
0.8700	0.0267	0.0297	0.0736
0.7469	0.0258	0.1970	0.0303
0.8365	0.0602	0.0789	0.0244
0.0480	0.8970	0.0326	0.0224
0.0312	0.9098	0.0297	0.0293
0.2892	0.0514	0.6312	0.0283
0.0431	0.8802	0.0356	0.0411
0.6948	0.0888	0.1488	0.0677
0.4339	0.1340	0.2778	0.1543
