MEME version 4.4

ALPHABET= ACGT

strands: + -

Background letter frequencies:
A 0.29 C 0.21 G 0.21 T 0.29

MOTIF RUNX_2

letter-probability matrix: alength= 4 nsites=1000
0.2016	0.1340	0.5938	0.0706
0.1356	0.3309	0.2660	0.2675
0.2665	0.0691	0.0031	0.6613
0.3984	0.2000	0.3309	0.0706
0.9231	0.0691	0.0031	0.0047
0.0047	0.9875	0.0031	0.0047
0.0047	0.9875	0.0031	0.0047
0.7922	0.0031	0.2000	0.0047
0.0047	0.9875	0.0031	0.0047
0.8582	0.0031	0.0681	0.0706
0.4644	0.0691	0.3959	0.0706
0.5953	0.1340	0.2000	0.0706
0.2016	0.3309	0.2660	0.2016
0.2016	0.2660	0.3309	0.2016
0.1356	0.0691	0.2660	0.5294
