MEME version 4.4

ALPHABET= ACGT

strands: + -

Background letter frequencies:
A 0.29 C 0.21 G 0.21 T 0.29

MOTIF RUNX2_5

letter-probability matrix: alength= 4 nsites=1000
0.3098	0.1419	0.0986	0.4496
0.4605	0.1075	0.3260	0.1061
0.8267	0.0533	0.1035	0.0165
0.0076	0.9728	0.0120	0.0076
0.0047	0.9777	0.0110	0.0066
0.2390	0.0061	0.7198	0.0352
0.0047	0.9679	0.0120	0.0155
0.7115	0.0523	0.1527	0.0834
0.4201	0.0878	0.2374	0.2547
0.5254	0.0622	0.1094	0.3030
0.6268	0.0651	0.1419	0.1661
0.7952	0.0720	0.1163	0.0165
0.0145	0.9442	0.0159	0.0253
0.0283	0.9245	0.0336	0.0135
0.3010	0.0238	0.6272	0.0480
0.0352	0.8793	0.0228	0.0628
0.7007	0.0701	0.1449	0.0844
0.4004	0.0848	0.3044	0.2104
