MEME version 4.4

ALPHABET= ACGT

strands: + -

Background letter frequencies:
A 0.29 C 0.21 G 0.21 T 0.29

MOTIF RXRA_known2

letter-probability matrix: alength= 4 nsites=1000
0.7755	0.1311	0.0031	0.0903
0.7706	0.0031	0.0031	0.2232
0.1139	0.2581	0.5505	0.0775
0.0401	0.0376	0.0031	0.9192
0.7430	0.0031	0.2492	0.0047
0.0047	0.0031	0.9875	0.0047
0.0047	0.0386	0.9521	0.0047
0.0047	0.0031	0.1084	0.8838
0.0401	0.8113	0.1439	0.0047
0.9891	0.0031	0.0031	0.0047
0.1454	0.6007	0.1084	0.1454
0.2153	0.2492	0.3191	0.2163
0.1100	0.1084	0.6715	0.1100
0.0047	0.0031	0.0031	0.9891
0.0746	0.1793	0.7060	0.0401
0.8483	0.1084	0.0386	0.0047
0.0047	0.9875	0.0031	0.0047
0.0047	0.9875	0.0031	0.0047
0.0047	0.3900	0.0031	0.6022
0.8838	0.0386	0.0031	0.0746
0.1504	0.5505	0.2217	0.0775
0.2596	0.0031	0.0395	0.6977
0.0864	0.0031	0.0031	0.9074
