MEME version 4.4

ALPHABET= ACGT

strands: + -

Background letter frequencies:
A 0.29 C 0.21 G 0.21 T 0.29

MOTIF RXRG_2

letter-probability matrix: alength= 4 nsites=1000
0.3679	0.0504	0.5662	0.0155
0.5067	0.0041	0.4845	0.0047
0.0057	0.0071	0.9767	0.0106
0.0047	0.0080	0.9521	0.0352
0.0047	0.0041	0.0090	0.9822
0.0057	0.9787	0.0031	0.0125
0.8798	0.0041	0.1114	0.0047
0.0047	0.0671	0.0031	0.9251
0.0076	0.0031	0.9846	0.0047
0.9881	0.0041	0.0031	0.0047
0.0588	0.9324	0.0041	0.0047
0.0066	0.9846	0.0041	0.0047
0.0057	0.5721	0.0031	0.4191
0.0135	0.5987	0.0701	0.3177
