MEME version 4.4

ALPHABET= ACGT

strands: + -

Background letter frequencies:
A 0.29 C 0.21 G 0.21 T 0.29

MOTIF RXRG_3

letter-probability matrix: alength= 4 nsites=1000
0.2124	0.0386	0.7424	0.0066
0.2665	0.0031	0.7257	0.0047
0.0047	0.0031	0.9856	0.0066
0.0047	0.0031	0.9629	0.0293
0.0047	0.0051	0.0041	0.9862
0.0057	0.9807	0.0041	0.0096
0.9862	0.0051	0.0031	0.0057
0.9842	0.0041	0.0061	0.0057
0.9862	0.0041	0.0041	0.0057
0.0066	0.0051	0.9816	0.0066
0.0066	0.0031	0.9679	0.0224
0.0057	0.0031	0.0051	0.9862
0.0047	0.9787	0.0041	0.0125
0.9822	0.0031	0.0100	0.0047
