MEME version 4.4

ALPHABET= ACGT

strands: + -

Background letter frequencies:
A 0.29 C 0.21 G 0.21 T 0.29

MOTIF SCRT2_1

letter-probability matrix: alength= 4 nsites=1000
0.4437	0.0799	0.3959	0.0805
0.3315	0.1872	0.0287	0.4526
0.0086	0.0198	0.7670	0.2045
0.0057	0.9866	0.0031	0.0047
0.9734	0.0159	0.0061	0.0047
0.9891	0.0031	0.0031	0.0047
0.0145	0.9748	0.0041	0.0066
0.9852	0.0071	0.0031	0.0047
0.0943	0.0061	0.8950	0.0047
0.0047	0.0130	0.9777	0.0047
0.0076	0.0041	0.0031	0.9852
0.0765	0.0425	0.7188	0.1622
0.1169	0.2325	0.4363	0.2144
