MEME version 4.4

ALPHABET= ACGT

strands: + -

Background letter frequencies:
A 0.29 C 0.21 G 0.21 T 0.29

MOTIF SEF1_1

letter-probability matrix: alength= 4 nsites=1000
0.7627	0.1124	0.1203	0.0047
0.7627	0.0031	0.2295	0.0047
0.0057	0.8044	0.1203	0.0696
0.8749	0.1173	0.0031	0.0047
0.0047	0.9875	0.0031	0.0047
0.0047	0.2345	0.7562	0.0047
0.0047	0.1321	0.8586	0.0047
0.8798	0.1124	0.0031	0.0047
0.0047	0.1262	0.1360	0.7332
0.7578	0.0031	0.2345	0.0047
0.0047	0.1163	0.1124	0.7666
0.0047	0.9875	0.0031	0.0047
0.0047	0.0031	0.0031	0.9891
0.0047	0.0031	0.9875	0.0047
0.0047	0.1124	0.0031	0.8798
0.0047	0.0031	0.9875	0.0047
0.0047	0.0031	0.9875	0.0047
0.0047	0.0031	0.0031	0.9891
0.1907	0.4304	0.0041	0.3748
