MEME version 4.4

ALPHABET= ACGT

strands: + -

Background letter frequencies:
A 0.29 C 0.21 G 0.21 T 0.29

MOTIF SIX5_known6

letter-probability matrix: alength= 4 nsites=1000
0.3305	0.1193	0.2778	0.2724
0.6003	0.1055	0.0681	0.2262
0.1809	0.0543	0.1331	0.6318
0.4299	0.1744	0.3211	0.0746
0.1346	0.0405	0.8035	0.0214
0.0273	0.0366	0.9039	0.0322
0.1415	0.0159	0.8379	0.0047
0.0066	0.0041	0.0494	0.9399
0.9556	0.0041	0.0336	0.0066
0.0086	0.0041	0.0051	0.9822
0.0116	0.9669	0.0051	0.0165
0.9369	0.0110	0.0208	0.0312
0.3728	0.3034	0.0661	0.2577
0.2675	0.2098	0.2167	0.3059
0.2951	0.1281	0.0966	0.4802
0.3532	0.1961	0.1774	0.2734
0.0982	0.1114	0.1921	0.5983
