MEME version 4.4

ALPHABET= ACGT

strands: + -

Background letter frequencies:
A 0.29 C 0.21 G 0.21 T 0.29

MOTIF SOX12_1

letter-probability matrix: alength= 4 nsites=1000
0.1277	0.2276	0.1153	0.5294
0.4152	0.2364	0.0277	0.3207
0.8355	0.0080	0.0130	0.1435
0.0155	0.0149	0.0130	0.9566
0.0263	0.0061	0.0100	0.9576
0.0519	0.0149	0.9147	0.0185
0.0283	0.0071	0.0090	0.9556
0.0401	0.0661	0.0248	0.8690
0.2291	0.4205	0.1754	0.1750
0.1602	0.1124	0.0720	0.6554
0.2911	0.2581	0.2020	0.2488
0.5619	0.1114	0.1065	0.2203
0.4191	0.1498	0.0937	0.3374
0.2734	0.2797	0.1970	0.2498
