MEME version 4.4

ALPHABET= ACGT

strands: + -

Background letter frequencies:
A 0.29 C 0.21 G 0.21 T 0.29

MOTIF SOX1_1

letter-probability matrix: alength= 4 nsites=1000
0.3404	0.2276	0.0937	0.3384
0.3788	0.1577	0.1774	0.2862
0.2094	0.1764	0.2335	0.3807
0.1425	0.4550	0.1104	0.2921
0.6613	0.1006	0.0326	0.2055
0.8877	0.0336	0.0179	0.0608
0.0637	0.0287	0.0228	0.8848
0.1326	0.0238	0.0307	0.8129
0.0598	0.6666	0.2394	0.0342
0.8946	0.0307	0.0218	0.0529
0.5835	0.0701	0.0523	0.2941
0.1602	0.0740	0.0484	0.7174
0.4939	0.1183	0.1508	0.2370
0.3571	0.2650	0.1695	0.2084
0.2980	0.1124	0.2837	0.3059
0.1376	0.1626	0.3171	0.3827
