MEME version 4.4

ALPHABET= ACGT

strands: + -

Background letter frequencies:
A 0.29 C 0.21 G 0.21 T 0.29

MOTIF SOX11_1

letter-probability matrix: alength= 4 nsites=1000
0.3512	0.2374	0.1449	0.2665
0.1966	0.2354	0.2807	0.2872
0.3482	0.1734	0.2108	0.2675
0.4811	0.1114	0.1734	0.2340
0.2774	0.0720	0.4756	0.1750
0.8503	0.0464	0.0858	0.0175
0.9655	0.0051	0.0051	0.0244
0.0106	0.9669	0.0100	0.0125
0.9763	0.0061	0.0061	0.0116
0.9773	0.0080	0.0061	0.0086
0.6869	0.0071	0.0061	0.3000
0.1907	0.0071	0.7916	0.0106
0.3502	0.0750	0.5623	0.0125
0.5382	0.1774	0.1931	0.0913
0.1976	0.3034	0.2059	0.2931
0.2902	0.2010	0.1833	0.3256
0.3856	0.2158	0.1527	0.2459
