MEME version 4.4

ALPHABET= ACGT

strands: + -

Background letter frequencies:
A 0.29 C 0.21 G 0.21 T 0.29

MOTIF SOX4_2

letter-probability matrix: alength= 4 nsites=1000
0.2537	0.1272	0.4688	0.1504
0.9891	0.0031	0.0031	0.0047
0.9802	0.0031	0.0120	0.0047
0.0047	0.9875	0.0031	0.0047
0.9871	0.0031	0.0051	0.0047
0.9822	0.0031	0.0080	0.0066
0.0047	0.0031	0.0051	0.9871
0.0047	0.0031	0.0228	0.9694
0.0874	0.0632	0.6154	0.2340
0.0047	0.9875	0.0031	0.0047
0.9871	0.0031	0.0051	0.0047
0.0047	0.0031	0.9442	0.0480
0.0047	0.0031	0.0100	0.9822
0.0066	0.0031	0.9856	0.0047
0.0047	0.0051	0.0031	0.9871
0.0086	0.0051	0.0051	0.9812
