MEME version 4.4

ALPHABET= ACGT

strands: + -

Background letter frequencies:
A 0.29 C 0.21 G 0.21 T 0.29

MOTIF SOX7_1

letter-probability matrix: alength= 4 nsites=1000
0.3601	0.2984	0.1173	0.2242
0.3098	0.2276	0.1665	0.2961
0.1514	0.1774	0.2394	0.4319
0.3788	0.0976	0.2748	0.2488
0.3925	0.1744	0.1321	0.3010
0.4418	0.0730	0.2108	0.2744
0.3630	0.0760	0.3683	0.1927
0.7853	0.0405	0.0947	0.0795
0.9537	0.0051	0.0051	0.0362
0.0096	0.9423	0.0110	0.0372
0.9704	0.0051	0.0051	0.0194
0.9753	0.0051	0.0100	0.0096
0.0628	0.0071	0.0051	0.9251
0.4920	0.0267	0.2394	0.2419
0.3049	0.0966	0.5209	0.0775
0.4162	0.1970	0.1587	0.2281
0.3364	0.2197	0.1911	0.2527
0.1937	0.2984	0.1705	0.3374
0.2409	0.1459	0.1301	0.4831
0.2911	0.2699	0.1183	0.3207
0.2262	0.2945	0.2285	0.2508
0.4900	0.1715	0.0769	0.2616
