MEME version 4.4

ALPHABET= ACGT

strands: + -

Background letter frequencies:
A 0.29 C 0.21 G 0.21 T 0.29

MOTIF SP100_1

letter-probability matrix: alength= 4 nsites=1000
0.3965	0.1321	0.3368	0.1346
0.3207	0.0307	0.0651	0.5835
0.1582	0.0346	0.0445	0.7627
0.2715	0.1527	0.0415	0.5343
0.2222	0.2413	0.1744	0.3620
0.3128	0.3024	0.1665	0.2183
0.0076	0.9748	0.0100	0.0076
0.0066	0.1232	0.8635	0.0066
0.0923	0.0907	0.5849	0.2321
0.7706	0.0829	0.0632	0.0834
0.8641	0.0149	0.0277	0.0933
0.7007	0.0504	0.0317	0.2173
0.4851	0.1370	0.1006	0.2774
0.1897	0.1134	0.2079	0.4890
