MEME version 4.4

ALPHABET= ACGT

strands: + -

Background letter frequencies:
A 0.29 C 0.21 G 0.21 T 0.29

MOTIF SP4_2

letter-probability matrix: alength= 4 nsites=1000
0.1415	0.3122	0.1842	0.3620
0.5136	0.0405	0.0179	0.4280
0.5628	0.0346	0.3555	0.0470
0.1661	0.0041	0.8222	0.0076
0.0588	0.9324	0.0031	0.0057
0.0047	0.9570	0.0041	0.0342
0.7440	0.2473	0.0041	0.0047
0.0047	0.9875	0.0031	0.0047
0.0066	0.0051	0.9738	0.0145
0.0047	0.9866	0.0041	0.0047
0.0057	0.9866	0.0031	0.0047
0.0047	0.9718	0.0041	0.0194
0.4211	0.5544	0.0051	0.0194
0.0253	0.7720	0.0071	0.1956
0.2163	0.1695	0.0464	0.5678
0.1405	0.2837	0.0878	0.4880
0.2311	0.2788	0.1331	0.3571
