MEME version 4.4

ALPHABET= ACGT

strands: + -

Background letter frequencies:
A 0.29 C 0.21 G 0.21 T 0.29

MOTIF SPDEF_6

letter-probability matrix: alength= 4 nsites=1000
0.1169	0.0582	0.6666	0.1582
0.1198	0.0198	0.2748	0.5855
0.0805	0.0228	0.7040	0.1927
0.0263	0.0179	0.9354	0.0204
0.0322	0.0297	0.0139	0.9241
0.0135	0.9639	0.0149	0.0076
0.0057	0.9816	0.0071	0.0057
0.0047	0.9875	0.0031	0.0047
0.0047	0.0031	0.9875	0.0047
0.0047	0.0031	0.9866	0.0057
0.9793	0.0090	0.0031	0.0086
0.0214	0.0189	0.0071	0.9527
0.0135	0.5288	0.0041	0.4536
0.8267	0.0366	0.0061	0.1307
0.1494	0.1331	0.1025	0.6150
