MEME version 4.4

ALPHABET= ACGT

strands: + -

Background letter frequencies:
A 0.29 C 0.21 G 0.21 T 0.29

MOTIF SPDEF_1

letter-probability matrix: alength= 4 nsites=1000
0.2793	0.2679	0.3299	0.1228
0.1937	0.2886	0.1655	0.3522
0.4880	0.0297	0.4432	0.0391
0.0952	0.6056	0.1360	0.1632
0.7085	0.0100	0.0454	0.2360
0.0214	0.0179	0.0090	0.9517
0.0096	0.9748	0.0090	0.0066
0.0106	0.9777	0.0051	0.0066
0.0066	0.0090	0.8615	0.1228
0.0076	0.0888	0.8468	0.0568
0.5628	0.0730	0.1941	0.1701
0.1799	0.0612	0.0435	0.7154
0.2567	0.2502	0.1587	0.3345
0.1858	0.3034	0.1272	0.3837
0.1474	0.2335	0.1508	0.4683
0.0962	0.3122	0.1902	0.4014
