MEME version 4.4

ALPHABET= ACGT

strands: + -

Background letter frequencies:
A 0.29 C 0.21 G 0.21 T 0.29

MOTIF SPDEF_4

letter-probability matrix: alength= 4 nsites=1000
0.2557	0.1183	0.4983	0.1277
0.0559	0.8281	0.0661	0.0500
0.9103	0.0366	0.0317	0.0214
0.0214	0.0031	0.9649	0.0106
0.3551	0.0445	0.2394	0.3610
0.9832	0.0041	0.0041	0.0086
0.9753	0.0071	0.0130	0.0047
0.2006	0.0071	0.7828	0.0096
0.9123	0.0041	0.0779	0.0057
0.7548	0.2177	0.0031	0.0244
0.0155	0.0258	0.9541	0.0047
0.0244	0.0149	0.0435	0.9172
0.9291	0.0031	0.0189	0.0490
0.4083	0.0031	0.0031	0.5855
0.6318	0.1439	0.0041	0.2203
0.3079	0.6233	0.0080	0.0608
