MEME version 4.4

ALPHABET= ACGT

strands: + -

Background letter frequencies:
A 0.29 C 0.21 G 0.21 T 0.29

MOTIF SPI1_known4

letter-probability matrix: alength= 4 nsites=1000
0.6396	0.0917	0.1872	0.0815
0.9015	0.0080	0.0710	0.0194
0.9812	0.0031	0.0051	0.0106
0.9704	0.0031	0.0031	0.0234
0.8907	0.0031	0.0061	0.1002
0.0135	0.0464	0.9354	0.0047
0.2724	0.6115	0.1114	0.0047
0.0096	0.0031	0.9816	0.0057
0.0047	0.0031	0.9875	0.0047
0.9881	0.0041	0.0031	0.0047
0.9881	0.0031	0.0031	0.0057
0.0047	0.0366	0.9541	0.0047
0.0086	0.0169	0.0051	0.9694
0.5048	0.0592	0.1478	0.2882
