MEME version 4.4

ALPHABET= ACGT

strands: + -

Background letter frequencies:
A 0.29 C 0.21 G 0.21 T 0.29

MOTIF SPZ1_1

letter-probability matrix: alength= 4 nsites=1000
0.2852	0.0031	0.4254	0.2862
0.1691	0.3309	0.2906	0.2094
0.3689	0.2945	0.1498	0.1868
0.0047	0.1340	0.8566	0.0047
0.0047	0.0691	0.9216	0.0047
0.3975	0.0691	0.3644	0.1691
0.0047	0.1340	0.8566	0.0047
0.0047	0.1675	0.8231	0.0047
0.0696	0.1016	0.6597	0.1691
0.3325	0.1016	0.0031	0.5628
0.4319	0.1016	0.1340	0.3325
0.2016	0.1675	0.2000	0.4309
0.2094	0.0445	0.4953	0.2508
0.1386	0.2719	0.4057	0.1838
0.1838	0.4057	0.3162	0.0943
