MEME version 4.4

ALPHABET= ACGT

strands: + -

Background letter frequencies:
A 0.29 C 0.21 G 0.21 T 0.29

MOTIF SRF_known1

letter-probability matrix: alength= 4 nsites=1000
0.8395	0.0326	0.0632	0.0647
0.0342	0.0031	0.0031	0.9596
0.0352	0.0031	0.9275	0.0342
0.2134	0.7493	0.0031	0.0342
0.0047	0.9875	0.0031	0.0047
0.0047	0.9875	0.0031	0.0047
0.6908	0.0031	0.0031	0.3030
0.0647	0.0031	0.0031	0.9291
0.9891	0.0031	0.0031	0.0047
0.0047	0.0031	0.0031	0.9891
0.9291	0.0031	0.0031	0.0647
0.3030	0.0031	0.0031	0.6908
0.0047	0.0031	0.9875	0.0047
0.0047	0.0031	0.9875	0.0047
0.3630	0.1222	0.0927	0.4221
0.3925	0.2719	0.2413	0.0943
0.3325	0.1823	0.2118	0.2734
0.0352	0.1222	0.2413	0.6012
