MEME version 4.4

ALPHABET= ACGT

strands: + -

Background letter frequencies:
A 0.29 C 0.21 G 0.21 T 0.29

MOTIF SRY_4

letter-probability matrix: alength= 4 nsites=1000
0.1760	0.2433	0.2482	0.3325
0.3167	0.2581	0.1203	0.3049
0.2419	0.1813	0.2463	0.3305
0.4290	0.1577	0.1419	0.2715
0.9487	0.0139	0.0100	0.0273
0.0529	0.0139	0.0159	0.9172
0.0755	0.0159	0.0090	0.8995
0.9074	0.0071	0.0720	0.0135
0.0135	0.0720	0.0071	0.9074
0.8995	0.0090	0.0159	0.0755
0.9172	0.0159	0.0139	0.0529
0.0273	0.0100	0.0139	0.9487
0.4211	0.1370	0.2650	0.1769
0.3354	0.1232	0.1774	0.3640
0.2478	0.0986	0.2482	0.4053
0.2468	0.3201	0.2217	0.2114
