MEME version 4.4

ALPHABET= ACGT

strands: + -

Background letter frequencies:
A 0.29 C 0.21 G 0.21 T 0.29

MOTIF SRY_6

letter-probability matrix: alength= 4 nsites=1000
0.9123	0.0258	0.0326	0.0293
0.9832	0.0031	0.0051	0.0086
0.0086	0.9836	0.0031	0.0047
0.9793	0.0031	0.0071	0.0106
0.9773	0.0149	0.0031	0.0047
0.0047	0.0110	0.0031	0.9812
0.4486	0.2207	0.0760	0.2547
0.3384	0.1961	0.0986	0.3669
0.1809	0.3368	0.1340	0.3482
0.1189	0.6804	0.0405	0.1602
0.9852	0.0051	0.0051	0.0047
0.0086	0.0031	0.0071	0.9812
0.0066	0.0051	0.0031	0.9852
0.0047	0.0090	0.9777	0.0086
0.0047	0.0031	0.0031	0.9891
0.0204	0.0208	0.0090	0.9497
