MEME version 4.4

ALPHABET= ACGT

strands: + -

Background letter frequencies:
A 0.29 C 0.21 G 0.21 T 0.29

MOTIF STAT_known3

letter-probability matrix: alength= 4 nsites=1000
0.1632	0.2030	0.3053	0.3285
0.0283	0.1803	0.5869	0.2045
0.1011	0.1754	0.3910	0.3325
0.0539	0.4481	0.2778	0.2203
0.7715	0.0110	0.2128	0.0047
0.1287	0.0701	0.0031	0.7981
0.0047	0.0031	0.0031	0.9891
0.0047	0.0031	0.0031	0.9891
0.0047	0.9875	0.0031	0.0047
0.0047	0.9875	0.0031	0.0047
0.0047	0.4953	0.4953	0.0047
0.0047	0.0031	0.9875	0.0047
0.0047	0.0031	0.9698	0.0224
0.9891	0.0031	0.0031	0.0047
0.9891	0.0031	0.0031	0.0047
0.6278	0.0031	0.3250	0.0440
0.0224	0.1390	0.0208	0.8178
0.0805	0.1931	0.6922	0.0342
0.3463	0.1872	0.2788	0.1878
0.2734	0.1823	0.2236	0.3207
0.1976	0.2423	0.1606	0.3994
