MEME version 4.4

ALPHABET= ACGT

strands: + -

Background letter frequencies:
A 0.29 C 0.21 G 0.21 T 0.29

MOTIF T_3

letter-probability matrix: alength= 4 nsites=1000
0.0116	0.0248	0.0061	0.9576
0.2616	0.5505	0.1547	0.0332
0.6869	0.0130	0.2561	0.0440
0.0047	0.9875	0.0031	0.0047
0.9566	0.0031	0.0356	0.0047
0.0411	0.8645	0.0218	0.0726
0.2488	0.4776	0.1823	0.0913
0.0824	0.0779	0.0297	0.8099
0.7942	0.0258	0.0966	0.0834
0.0933	0.1705	0.4884	0.2478
0.0824	0.0189	0.8517	0.0470
0.0047	0.0297	0.0051	0.9606
0.0066	0.0031	0.9856	0.0047
0.0608	0.2630	0.0110	0.6652
0.0401	0.1212	0.6765	0.1622
0.9576	0.0061	0.0287	0.0076
