MEME version 4.4

ALPHABET= ACGT

strands: + -

Background letter frequencies:
A 0.29 C 0.21 G 0.21 T 0.29

MOTIF TAL1_known3

letter-probability matrix: alength= 4 nsites=1000
0.1031	0.3181	0.4264	0.1523
0.1228	0.2788	0.3477	0.2508
0.1917	0.2295	0.3674	0.2114
0.7332	0.0031	0.1409	0.1228
0.7135	0.2098	0.0523	0.0244
0.0047	0.9875	0.0031	0.0047
0.9891	0.0031	0.0031	0.0047
0.0047	0.0031	0.9679	0.0244
0.9399	0.0228	0.0326	0.0047
0.0047	0.0031	0.0031	0.9891
0.0047	0.0031	0.9875	0.0047
0.0047	0.0326	0.6233	0.3394
0.0047	0.2984	0.0031	0.6938
0.1720	0.3870	0.2000	0.2409
0.2508	0.2098	0.1409	0.3984
0.1622	0.3477	0.2591	0.2311
