MEME version 4.4

ALPHABET= ACGT

strands: + -

Background letter frequencies:
A 0.29 C 0.21 G 0.21 T 0.29

MOTIF TATA_known2

letter-probability matrix: alength= 4 nsites=1000
0.1592	0.3703	0.3870	0.0834
0.0460	0.1193	0.0484	0.7863
0.8956	0.0031	0.0080	0.0933
0.0125	0.0287	0.0080	0.9507
0.9005	0.0031	0.0159	0.0805
0.6829	0.0031	0.0031	0.3108
0.9163	0.0110	0.0533	0.0194
0.5668	0.0080	0.1144	0.3108
0.3965	0.1144	0.4008	0.0883
0.1464	0.3447	0.3831	0.1258
0.2144	0.3752	0.3270	0.0834
0.2124	0.3240	0.3270	0.1366
0.2124	0.3014	0.3270	0.1592
0.1769	0.2738	0.3546	0.1947
0.1996	0.2581	0.3575	0.1848
