MEME version 4.4

ALPHABET= ACGT

strands: + -

Background letter frequencies:
A 0.29 C 0.21 G 0.21 T 0.29

MOTIF TATA_known6

letter-probability matrix: alength= 4 nsites=1000
0.2222	0.2689	0.2158	0.2931
0.1267	0.3959	0.1242	0.3532
0.2921	0.2325	0.1232	0.3522
0.3797	0.0996	0.1075	0.4132
0.2754	0.0415	0.0228	0.6603
0.6465	0.0080	0.0100	0.3354
0.0864	0.0100	0.0071	0.8966
0.7607	0.0051	0.0051	0.2291
0.2291	0.0051	0.0051	0.7607
0.8966	0.0071	0.0100	0.0864
0.3354	0.0100	0.0080	0.6465
0.6603	0.0228	0.0415	0.2754
0.4664	0.1104	0.0996	0.3236
0.3679	0.2886	0.1065	0.2370
0.1976	0.1340	0.2197	0.4486
0.3473	0.2197	0.2276	0.2055
