MEME version 4.4

ALPHABET= ACGT

strands: + -

Background letter frequencies:
A 0.29 C 0.21 G 0.21 T 0.29

MOTIF TBX1_1

letter-probability matrix: alength= 4 nsites=1000
0.6977	0.0051	0.1035	0.1937
0.1651	0.1045	0.6312	0.0992
0.0057	0.0041	0.9826	0.0076
0.0057	0.0179	0.0110	0.9655
0.0057	0.0041	0.9836	0.0066
0.0116	0.0543	0.0080	0.9261
0.0076	0.0346	0.7090	0.2488
0.9871	0.0041	0.0041	0.0047
0.8316	0.0061	0.1084	0.0539
0.7420	0.0386	0.0996	0.1198
0.6042	0.0671	0.0829	0.2459
0.6062	0.1419	0.0947	0.1573
0.9212	0.0041	0.0405	0.0342
0.1897	0.0878	0.5967	0.1258
0.0057	0.0051	0.9787	0.0106
0.0529	0.0533	0.0071	0.8867
0.0057	0.0031	0.9866	0.0047
0.0470	0.0386	0.0051	0.9094
0.0106	0.0208	0.7936	0.1750
0.9802	0.0061	0.0080	0.0057
