MEME version 4.4

ALPHABET= ACGT

strands: + -

Background letter frequencies:
A 0.29 C 0.21 G 0.21 T 0.29

MOTIF TBX1_4

letter-probability matrix: alength= 4 nsites=1000
0.0588	0.0386	0.0602	0.8424
0.0057	0.0041	0.0080	0.9822
0.0411	0.8871	0.0661	0.0057
0.9458	0.0031	0.0228	0.0283
0.0057	0.9846	0.0051	0.0047
0.9468	0.0051	0.0415	0.0066
0.0047	0.9836	0.0061	0.0057
0.1701	0.7503	0.0139	0.0657
0.0194	0.0415	0.0258	0.9133
0.3699	0.4904	0.1212	0.0185
0.2695	0.2266	0.0287	0.4752
0.7164	0.1862	0.0838	0.0135
0.0450	0.1921	0.7424	0.0204
0.0047	0.0090	0.9816	0.0047
0.0066	0.0139	0.0149	0.9645
0.0047	0.0031	0.9875	0.0047
0.0234	0.0139	0.0110	0.9517
0.0047	0.0130	0.9305	0.0519
0.9793	0.0080	0.0061	0.0066
0.4614	0.0110	0.3998	0.1277
