MEME version 4.4

ALPHABET= ACGT

strands: + -

Background letter frequencies:
A 0.29 C 0.21 G 0.21 T 0.29

MOTIF TBX20_2

letter-probability matrix: alength= 4 nsites=1000
0.8405	0.0228	0.0809	0.0559
0.0854	0.0356	0.7788	0.1002
0.0057	0.0090	0.9787	0.0066
0.0057	0.0779	0.0100	0.9064
0.0057	0.0031	0.9866	0.0047
0.0372	0.0858	0.0071	0.8700
0.0273	0.0819	0.8458	0.0450
0.9812	0.0051	0.0080	0.0057
0.6879	0.0878	0.0799	0.1445
0.5402	0.0878	0.0592	0.3128
0.2016	0.0218	0.2148	0.5619
0.0066	0.0051	0.0041	0.9842
0.1218	0.5977	0.2463	0.0342
0.8523	0.0080	0.1173	0.0224
0.0057	0.9807	0.0051	0.0086
0.8848	0.0041	0.1045	0.0066
0.0086	0.9501	0.0139	0.0273
0.0647	0.5770	0.1852	0.1730
0.0933	0.1193	0.0277	0.7597
