MEME version 4.4

ALPHABET= ACGT

strands: + -

Background letter frequencies:
A 0.29 C 0.21 G 0.21 T 0.29

MOTIF TBX21_4

letter-probability matrix: alength= 4 nsites=1000
0.0755	0.0071	0.8852	0.0322
0.0047	0.0031	0.9866	0.0057
0.0047	0.0189	0.0051	0.9714
0.0057	0.0041	0.9856	0.0047
0.0125	0.0248	0.0041	0.9586
0.0066	0.0051	0.9669	0.0214
0.9812	0.0080	0.0031	0.0076
0.2655	0.0789	0.0208	0.6347
0.7587	0.0720	0.1449	0.0244
0.0096	0.0071	0.0031	0.9802
0.1602	0.7936	0.0317	0.0145
0.9724	0.0031	0.0100	0.0145
0.0066	0.9846	0.0031	0.0057
0.9862	0.0051	0.0031	0.0057
0.0125	0.9767	0.0061	0.0047
0.0568	0.9039	0.0159	0.0234
