MEME version 4.4

ALPHABET= ACGT

strands: + -

Background letter frequencies:
A 0.29 C 0.21 G 0.21 T 0.29

MOTIF TBX20_5

letter-probability matrix: alength= 4 nsites=1000
0.8257	0.0031	0.1272	0.0440
0.2065	0.0376	0.7345	0.0214
0.0047	0.0031	0.9875	0.0047
0.0047	0.0031	0.0031	0.9891
0.0047	0.0031	0.9875	0.0047
0.0125	0.0031	0.0031	0.9812
0.0332	0.0454	0.6834	0.2380
0.9891	0.0031	0.0031	0.0047
0.3325	0.2217	0.1813	0.2646
0.1002	0.0809	0.6578	0.1612
0.0047	0.0031	0.7060	0.2862
0.0047	0.0553	0.0031	0.9369
0.0047	0.0641	0.9265	0.0047
0.0047	0.1390	0.0169	0.8395
0.0047	0.2482	0.6676	0.0795
0.9753	0.0031	0.0169	0.0047
