MEME version 4.4

ALPHABET= ACGT

strands: + -

Background letter frequencies:
A 0.29 C 0.21 G 0.21 T 0.29

MOTIF TBX21_6

letter-probability matrix: alength= 4 nsites=1000
0.0066	0.0258	0.0031	0.9645
0.1464	0.6469	0.1911	0.0155
0.9802	0.0051	0.0080	0.0066
0.0047	0.9856	0.0041	0.0057
0.9842	0.0031	0.0071	0.0057
0.0135	0.9580	0.0228	0.0057
0.0588	0.7355	0.0159	0.1897
0.2262	0.0809	0.0159	0.6770
0.4309	0.2049	0.1695	0.1947
0.5766	0.2315	0.0976	0.0943
0.6249	0.0405	0.2246	0.1100
0.8788	0.0031	0.0730	0.0450
0.0372	0.0228	0.9255	0.0145
0.0057	0.0041	0.9846	0.0057
0.0066	0.0986	0.0100	0.8848
0.0066	0.0061	0.9816	0.0057
0.0145	0.0110	0.0041	0.9704
0.0086	0.0100	0.8862	0.0952
0.9724	0.0071	0.0159	0.0047
