MEME version 4.4

ALPHABET= ACGT

strands: + -

Background letter frequencies:
A 0.29 C 0.21 G 0.21 T 0.29

MOTIF TBX5_5

letter-probability matrix: alength= 4 nsites=1000
0.7853	0.0218	0.1035	0.0893
0.1169	0.0888	0.7473	0.0470
0.0086	0.0100	0.9728	0.0086
0.0076	0.0907	0.0120	0.8897
0.0057	0.0041	0.9856	0.0047
0.0864	0.1006	0.0208	0.7922
0.0352	0.1340	0.5347	0.2961
0.8090	0.0090	0.1331	0.0490
0.3748	0.1961	0.1970	0.2321
0.6032	0.0366	0.0504	0.3098
0.2803	0.0405	0.0484	0.6308
0.2675	0.1419	0.1488	0.4418
0.0332	0.0868	0.0238	0.8562
0.1819	0.4953	0.2719	0.0509
0.8336	0.0169	0.0966	0.0529
0.0057	0.9846	0.0051	0.0047
0.8907	0.0061	0.0986	0.0047
0.0096	0.9708	0.0130	0.0066
0.0539	0.7021	0.1065	0.1376
0.0854	0.1055	0.0277	0.7814
