MEME version 4.4

ALPHABET= ACGT

strands: + -

Background letter frequencies:
A 0.29 C 0.21 G 0.21 T 0.29

MOTIF TCF7_2

letter-probability matrix: alength= 4 nsites=1000
0.6564	0.0838	0.1409	0.1189
0.7272	0.0317	0.1350	0.1061
0.9261	0.0071	0.0307	0.0362
0.0096	0.2669	0.7129	0.0106
0.9399	0.0051	0.0071	0.0480
0.0047	0.0090	0.0228	0.9635
0.0234	0.9245	0.0287	0.0234
0.9773	0.0041	0.0080	0.0106
0.9694	0.0090	0.0139	0.0076
0.9852	0.0031	0.0031	0.0086
0.0401	0.0031	0.9521	0.0047
0.1622	0.1468	0.5977	0.0933
