MEME version 4.4

ALPHABET= ACGT

strands: + -

Background letter frequencies:
A 0.29 C 0.21 G 0.21 T 0.29

MOTIF TCF7L2_known7

letter-probability matrix: alength= 4 nsites=1000
0.5461	0.1281	0.1970	0.1287
0.6829	0.0297	0.2177	0.0696
0.9172	0.0120	0.0474	0.0234
0.0086	0.1862	0.7985	0.0066
0.9625	0.0031	0.0090	0.0253
0.0145	0.0061	0.0031	0.9763
0.0185	0.9206	0.0514	0.0096
0.9832	0.0031	0.0031	0.0106
0.9832	0.0031	0.0090	0.0047
0.9665	0.0031	0.0208	0.0096
0.0332	0.0238	0.9373	0.0057
0.1474	0.1370	0.6213	0.0943
0.2685	0.1429	0.4806	0.1080
0.4103	0.0730	0.1006	0.4162
0.3797	0.1006	0.0819	0.4378
