MEME version 4.4

ALPHABET= ACGT

strands: + -

Background letter frequencies:
A 0.29 C 0.21 G 0.21 T 0.29

MOTIF TEAD1_4

letter-probability matrix: alength= 4 nsites=1000
0.5412	0.0189	0.3900	0.0500
0.2311	0.7405	0.0189	0.0096
0.9891	0.0031	0.0031	0.0047
0.0047	0.0031	0.0031	0.9891
0.1720	0.0248	0.0031	0.8001
0.0204	0.8655	0.0592	0.0549
0.0332	0.7365	0.0179	0.2124
0.3660	0.0464	0.1961	0.3916
0.1878	0.2620	0.2856	0.2646
0.4949	0.0573	0.4274	0.0204
0.2518	0.6863	0.0474	0.0145
0.9773	0.0031	0.0110	0.0086
0.0047	0.0031	0.0307	0.9615
0.2646	0.0228	0.0858	0.6268
0.0342	0.8153	0.0848	0.0657
0.0647	0.7385	0.0080	0.1888
0.4122	0.0907	0.1685	0.3285
