MEME version 4.4

ALPHABET= ACGT

strands: + -

Background letter frequencies:
A 0.29 C 0.21 G 0.21 T 0.29

MOTIF TFAP2B_1

letter-probability matrix: alength= 4 nsites=1000
0.2429	0.1350	0.1961	0.4260
0.1720	0.3467	0.0661	0.4152
0.0421	0.2266	0.7099	0.0214
0.0116	0.9167	0.0612	0.0106
0.0076	0.9541	0.0061	0.0322
0.0096	0.6194	0.0287	0.3423
0.0263	0.2896	0.2709	0.4132
0.5855	0.1380	0.2463	0.0303
0.3423	0.0287	0.6194	0.0096
0.0322	0.0061	0.9541	0.0076
0.0106	0.0612	0.9167	0.0116
0.0204	0.7099	0.2276	0.0421
0.6593	0.0769	0.1518	0.1120
0.3148	0.1754	0.1724	0.3374
