MEME version 4.4

ALPHABET= ACGT

strands: + -

Background letter frequencies:
A 0.29 C 0.21 G 0.21 T 0.29

MOTIF TFAP2_known4

letter-probability matrix: alength= 4 nsites=1000
0.1779	0.2345	0.5820	0.0057
0.0047	0.4668	0.3506	0.1779
0.0047	0.9875	0.0031	0.0047
0.1208	0.5820	0.2345	0.0628
0.0047	0.4668	0.4087	0.1198
0.1208	0.6981	0.0031	0.1779
0.4683	0.0612	0.4658	0.0047
0.1779	0.0612	0.7562	0.0047
0.0047	0.1193	0.8714	0.0047
0.0047	0.9295	0.0612	0.0047
0.1779	0.1193	0.4087	0.2941
0.3522	0.0031	0.5239	0.1208
0.3532	0.1764	0.1764	0.2941
0.3522	0.0612	0.5820	0.0047
0.2370	0.2345	0.3506	0.1779
0.1779	0.2925	0.3516	0.1779
