MEME version 4.4

ALPHABET= ACGT

strands: + -

Background letter frequencies:
A 0.29 C 0.21 G 0.21 T 0.29

MOTIF TFCP2_5

letter-probability matrix: alength= 4 nsites=1000
0.6692	0.0031	0.0504	0.2774
0.0047	0.9600	0.0307	0.0047
0.0125	0.7710	0.0071	0.2094
0.1258	0.0041	0.8350	0.0352
0.0047	0.0031	0.9846	0.0076
0.3030	0.0661	0.0090	0.6219
0.2350	0.0376	0.0258	0.7016
0.1425	0.2601	0.1252	0.4723
0.5333	0.1104	0.2197	0.1366
0.7312	0.0523	0.1429	0.0736
0.6623	0.0277	0.1380	0.1720
0.0470	0.7848	0.1016	0.0667
0.0716	0.5209	0.0405	0.3669
0.1691	0.0277	0.7080	0.0952
0.0618	0.0602	0.8261	0.0519
0.2715	0.0956	0.0435	0.5894
