MEME version 4.4

ALPHABET= ACGT

strands: + -

Background letter frequencies:
A 0.29 C 0.21 G 0.21 T 0.29

MOTIF TGIF2_1

letter-probability matrix: alength= 4 nsites=1000
0.5166	0.1429	0.1134	0.2272
0.6091	0.0809	0.1390	0.1710
0.1888	0.3260	0.2443	0.2409
0.1110	0.3024	0.2187	0.3679
0.9054	0.0149	0.0494	0.0303
0.0746	0.1636	0.6814	0.0805
0.0204	0.9610	0.0071	0.0116
0.0066	0.0218	0.0031	0.9684
0.0106	0.0041	0.9787	0.0066
0.0293	0.0051	0.0031	0.9625
0.0057	0.9797	0.0051	0.0096
0.9783	0.0041	0.0051	0.0125
0.7715	0.0582	0.0405	0.1297
0.3768	0.0956	0.0888	0.4388
0.4555	0.2876	0.1537	0.1031
0.2242	0.4313	0.2167	0.1277
