MEME version 4.4

ALPHABET= ACGT

strands: + -

Background letter frequencies:
A 0.29 C 0.21 G 0.21 T 0.29

MOTIF THRA_1

letter-probability matrix: alength= 4 nsites=1000
0.2892	0.0641	0.4510	0.1956
0.0076	0.0454	0.0061	0.9409
0.0244	0.0258	0.9383	0.0116
0.7853	0.0159	0.0179	0.1809
0.0076	0.9826	0.0041	0.0057
0.0066	0.9856	0.0031	0.0047
0.0047	0.1084	0.0110	0.8759
0.0185	0.3221	0.1774	0.4821
0.7735	0.0159	0.2039	0.0066
0.0096	0.1262	0.0208	0.8434
0.4614	0.0612	0.4599	0.0175
0.8976	0.0051	0.0927	0.0047
0.0057	0.0041	0.9856	0.0047
0.0047	0.0031	0.9807	0.0116
0.2183	0.0120	0.0159	0.7538
0.0096	0.8999	0.0602	0.0303
0.9143	0.0169	0.0622	0.0066
0.2212	0.3664	0.1183	0.2941
