MEME version 4.4

ALPHABET= ACGT

strands: + -

Background letter frequencies:
A 0.29 C 0.21 G 0.21 T 0.29

MOTIF THRB_2

letter-probability matrix: alength= 4 nsites=1000
0.1681	0.0848	0.4550	0.2921
0.0086	0.0317	0.0071	0.9527
0.0431	0.0208	0.9275	0.0086
0.7469	0.0149	0.0258	0.2124
0.0066	0.9836	0.0051	0.0047
0.0047	0.9836	0.0061	0.0057
0.0057	0.1331	0.0071	0.8542
0.0263	0.2738	0.1931	0.5067
0.7597	0.0061	0.2207	0.0135
0.2321	0.1862	0.2630	0.3187
0.0086	0.1655	0.0208	0.8050
0.6131	0.1075	0.2620	0.0175
0.9222	0.0051	0.0671	0.0057
0.0057	0.0031	0.9816	0.0096
0.0057	0.0031	0.9738	0.0175
0.1139	0.0179	0.0198	0.8483
0.0125	0.9157	0.0445	0.0273
0.9428	0.0051	0.0464	0.0057
0.2173	0.4156	0.1163	0.2508
