MEME version 4.4

ALPHABET= ACGT

strands: + -

Background letter frequencies:
A 0.29 C 0.21 G 0.21 T 0.29

MOTIF THRB_3

letter-probability matrix: alength= 4 nsites=1000
0.2449	0.0966	0.3319	0.3266
0.0066	0.0454	0.0061	0.9419
0.0263	0.0228	0.9413	0.0096
0.8090	0.0169	0.0228	0.1514
0.0086	0.9816	0.0051	0.0047
0.0066	0.9757	0.0120	0.0057
0.0047	0.1025	0.0071	0.8857
0.0470	0.3034	0.1222	0.5274
0.7794	0.0149	0.2000	0.0057
0.1917	0.3122	0.2020	0.2941
0.4516	0.1409	0.1035	0.3039
0.0116	0.1646	0.0120	0.8119
0.4467	0.1272	0.4048	0.0214
0.8936	0.0041	0.0976	0.0047
0.0047	0.0090	0.9807	0.0057
0.0047	0.0080	0.9787	0.0086
0.2941	0.0228	0.0198	0.6633
0.0411	0.8596	0.0641	0.0352
0.9379	0.0051	0.0425	0.0145
0.1720	0.4481	0.1941	0.1858
