MEME version 4.4

ALPHABET= ACGT

strands: + -

Background letter frequencies:
A 0.29 C 0.21 G 0.21 T 0.29

MOTIF TP53_4

letter-probability matrix: alength= 4 nsites=1000
0.2941	0.4668	0.1193	0.1198
0.1779	0.4087	0.3506	0.0628
0.2360	0.0031	0.7562	0.0047
0.2941	0.0031	0.6981	0.0047
0.7578	0.0031	0.2345	0.0047
0.0047	0.9875	0.0031	0.0047
0.9891	0.0031	0.0031	0.0047
0.0047	0.0031	0.0031	0.9891
0.0047	0.0031	0.9875	0.0047
0.0047	0.6400	0.0031	0.3522
0.0047	0.9295	0.0031	0.0628
0.0047	0.9295	0.0031	0.0628
0.0628	0.0031	0.8714	0.0628
0.0618	0.0031	0.8143	0.1208
0.2360	0.0031	0.7562	0.0047
0.0618	0.8143	0.1193	0.0047
0.8729	0.0031	0.0031	0.1208
0.1208	0.0031	0.0031	0.8729
0.0628	0.0612	0.8143	0.0618
0.0628	0.1193	0.0602	0.7578
