MEME version 4.4

ALPHABET= ACGT

strands: + -

Background letter frequencies:
A 0.29 C 0.21 G 0.21 T 0.29

MOTIF TP53_5

letter-probability matrix: alength= 4 nsites=1000
0.8001	0.0080	0.1331	0.0588
0.0047	0.9866	0.0031	0.0057
0.9842	0.0031	0.0061	0.0066
0.3669	0.0041	0.1665	0.4624
0.0076	0.0031	0.9777	0.0116
0.0391	0.1567	0.0110	0.7932
0.1061	0.5770	0.2069	0.1100
0.2390	0.3437	0.1212	0.2961
0.3827	0.0799	0.3437	0.1937
0.2715	0.0612	0.3063	0.3610
0.2596	0.1272	0.3299	0.2833
0.3886	0.0169	0.5190	0.0755
0.6889	0.0061	0.2315	0.0736
0.0057	0.9767	0.0041	0.0135
0.9714	0.0051	0.0071	0.0165
0.3551	0.0041	0.1350	0.5057
0.0076	0.0238	0.9629	0.0057
0.0460	0.0789	0.0130	0.8621
