MEME version 4.4

ALPHABET= ACGT

strands: + -

Background letter frequencies:
A 0.29 C 0.21 G 0.21 T 0.29

MOTIF TP53_6

letter-probability matrix: alength= 4 nsites=1000
0.8739	0.0041	0.0937	0.0283
0.0047	0.9866	0.0031	0.0057
0.9753	0.0090	0.0110	0.0047
0.4418	0.0090	0.0445	0.5048
0.0066	0.0061	0.9669	0.0204
0.0145	0.1153	0.0051	0.8651
0.0411	0.7926	0.0592	0.1071
0.2399	0.1892	0.1852	0.3856
0.3906	0.1754	0.2778	0.1563
0.3089	0.1114	0.2601	0.3197
0.2321	0.0090	0.6607	0.0982
0.8198	0.0061	0.1547	0.0194
0.0066	0.9856	0.0031	0.0047
0.9743	0.0061	0.0100	0.0096
0.2321	0.0169	0.1114	0.6396
0.0066	0.0120	0.9688	0.0125
0.0322	0.0760	0.0080	0.8838
