MEME version 4.4

ALPHABET= ACGT

strands: + -

Background letter frequencies:
A 0.29 C 0.21 G 0.21 T 0.29

MOTIF VDR_3

letter-probability matrix: alength= 4 nsites=1000
0.3561	0.1439	0.4953	0.0047
0.4969	0.1439	0.3546	0.0047
0.1454	0.2138	0.0031	0.6377
0.0746	0.2138	0.7060	0.0057
0.4270	0.2138	0.2138	0.1454
0.5668	0.4254	0.0031	0.0047
0.0047	0.9875	0.0031	0.0047
0.0047	0.2847	0.1439	0.5668
0.0047	0.2847	0.0730	0.6377
0.2153	0.3546	0.1439	0.2862
0.2852	0.4254	0.1439	0.1454
0.0047	0.0031	0.0031	0.9891
0.0047	0.2847	0.6361	0.0746
0.7076	0.2138	0.0730	0.0057
0.4969	0.4953	0.0031	0.0047
0.0047	0.8468	0.0031	0.1454
0.0047	0.7060	0.0031	0.2862
0.1454	0.1429	0.4254	0.2862
0.0047	0.3546	0.2138	0.4270
0.0746	0.2847	0.2138	0.4270
0.0746	0.0031	0.2847	0.6377
