MEME version 4.4

ALPHABET= ACGT

strands: + -

Background letter frequencies:
A 0.29 C 0.21 G 0.21 T 0.29

MOTIF VDR_5

letter-probability matrix: alength= 4 nsites=1000
0.1848	0.0494	0.7552	0.0106
0.6160	0.0031	0.3762	0.0047
0.0047	0.0041	0.9866	0.0047
0.0047	0.0031	0.1173	0.8749
0.0125	0.0169	0.0317	0.9389
0.0057	0.9669	0.0041	0.0234
0.8897	0.0061	0.0947	0.0096
0.1100	0.2601	0.0514	0.5786
0.1730	0.3575	0.0769	0.3925
0.1888	0.0710	0.7208	0.0194
0.6160	0.0031	0.3762	0.0047
0.0047	0.0031	0.9875	0.0047
0.0047	0.0031	0.0809	0.9113
0.0125	0.0159	0.0425	0.9291
0.0047	0.9511	0.0051	0.0391
0.8877	0.0061	0.0976	0.0086
