MEME version 4.4

ALPHABET= ACGT

strands: + -

Background letter frequencies:
A 0.29 C 0.21 G 0.21 T 0.29

MOTIF VDR_2

letter-probability matrix: alength= 4 nsites=1000
0.2390	0.5190	0.1902	0.0519
0.1454	0.3782	0.1902	0.2862
0.0519	0.3782	0.3782	0.1917
0.1917	0.1911	0.3309	0.2862
0.1927	0.2374	0.3309	0.2390
0.0519	0.0504	0.0956	0.8021
0.0982	0.0966	0.7533	0.0519
0.8946	0.0504	0.0504	0.0047
0.7076	0.2374	0.0504	0.0047
0.0519	0.7995	0.0966	0.0519
0.0519	0.7533	0.0966	0.0982
0.2862	0.3309	0.0966	0.2862
