MEME version 4.4

ALPHABET= ACGT

strands: + -

Background letter frequencies:
A 0.29 C 0.21 G 0.21 T 0.29

MOTIF VENTX_2

letter-probability matrix: alength= 4 nsites=1000
0.1514	0.5524	0.1931	0.1031
0.1130	0.4107	0.4245	0.0519
0.0519	0.5426	0.0386	0.3669
0.0096	0.0041	0.0051	0.9812
0.9783	0.0061	0.0100	0.0057
0.9753	0.0090	0.0100	0.0057
0.0057	0.0061	0.0080	0.9802
0.0106	0.5003	0.3713	0.1179
0.0411	0.0435	0.8940	0.0214
0.2892	0.0691	0.6154	0.0263
0.7026	0.0061	0.0159	0.2754
0.8769	0.0051	0.0061	0.1120
0.8710	0.0198	0.0061	0.1031
0.5924	0.2305	0.1547	0.0224
0.0106	0.9757	0.0061	0.0076
0.0696	0.0612	0.8635	0.0057
0.9793	0.0100	0.0041	0.0066
0.0057	0.0031	0.0051	0.9862
0.0057	0.0041	0.0041	0.9862
0.9793	0.0041	0.0051	0.0116
0.1829	0.0228	0.7798	0.0145
