MEME version 4.4

ALPHABET= ACGT

strands: + -

Background letter frequencies:
A 0.29 C 0.21 G 0.21 T 0.29

MOTIF XBP1_2

letter-probability matrix: alength= 4 nsites=1000
0.4270	0.2837	0.2374	0.0519
0.2508	0.0848	0.2492	0.4152
0.3591	0.1606	0.0819	0.3984
0.4595	0.1547	0.0779	0.3079
0.5343	0.0031	0.0789	0.3837
0.4969	0.0405	0.1921	0.2705
0.2596	0.1862	0.1852	0.3689
0.1504	0.0760	0.5869	0.1868
0.4782	0.4038	0.0769	0.0411
0.0706	0.8891	0.0031	0.0372
0.8582	0.0031	0.1340	0.0047
0.0047	0.9875	0.0031	0.0047
0.0047	0.0031	0.9875	0.0047
0.0047	0.0031	0.0031	0.9891
0.1228	0.7119	0.0031	0.1622
0.7922	0.0425	0.0425	0.1228
0.0047	0.2108	0.2620	0.5225
0.1139	0.4953	0.0582	0.3325
0.2941	0.1193	0.2345	0.3522
0.2360	0.2925	0.0031	0.4683
0.4103	0.0612	0.0602	0.4683
0.2508	0.3103	0.2492	0.1897
0.3571	0.0730	0.2138	0.3561
0.1563	0.2305	0.3811	0.2321
