MEME version 4.4

ALPHABET= ACGT

strands: + -

Background letter frequencies:
A 0.29 C 0.21 G 0.21 T 0.29

MOTIF YY1_known1

letter-probability matrix: alength= 4 nsites=1000
0.1691	0.2217	0.3309	0.2783
0.3876	0.2758	0.2768	0.0598
0.3325	0.1675	0.1675	0.3325
0.1691	0.3861	0.2758	0.1691
0.3325	0.1134	0.2217	0.3325
0.0598	0.7129	0.0582	0.1691
0.0047	0.9875	0.0031	0.0047
0.9340	0.0582	0.0031	0.0047
0.0047	0.0031	0.1124	0.8798
0.2783	0.1665	0.1675	0.3876
0.0598	0.1124	0.1124	0.7154
0.3325	0.1124	0.0582	0.4969
0.1691	0.2217	0.2768	0.3325
0.2232	0.2217	0.3319	0.2232
0.3325	0.2217	0.3319	0.1139
0.4969	0.1124	0.1124	0.2783
0.1691	0.3309	0.2768	0.2232
