MEME version 4.4

ALPHABET= ACGT

strands: + -

Background letter frequencies:
A 0.29 C 0.21 G 0.21 T 0.29

MOTIF YY1_known2

letter-probability matrix: alength= 4 nsites=1000
0.1838	0.3605	0.1823	0.2734
0.1838	0.4500	0.1823	0.1838
0.1838	0.1813	0.3614	0.2734
0.0943	0.6292	0.2719	0.0047
0.0943	0.1823	0.5396	0.1838
0.1838	0.0031	0.8084	0.0047
0.0047	0.9875	0.0031	0.0047
0.0047	0.9875	0.0031	0.0047
0.9891	0.0031	0.0031	0.0047
0.0047	0.0031	0.0031	0.9891
0.0047	0.7188	0.1823	0.0943
0.0943	0.0927	0.0927	0.7204
0.1838	0.0031	0.1823	0.6308
0.0047	0.2719	0.6292	0.0943
0.1838	0.1813	0.3614	0.2734
0.1838	0.5396	0.0927	0.1838
0.0943	0.0927	0.0927	0.7204
0.0943	0.3605	0.4510	0.0943
0.1838	0.3605	0.2719	0.1838
0.3630	0.0031	0.1813	0.4526
