MEME version 4.4

ALPHABET= ACGT

strands: + -

Background letter frequencies:
A 0.29 C 0.21 G 0.21 T 0.29

MOTIF ZBED1_1

letter-probability matrix: alength= 4 nsites=1000
0.2281	0.5111	0.1183	0.1425
0.0785	0.0071	0.0130	0.9015
0.6426	0.0061	0.3457	0.0057
0.0057	0.0051	0.0031	0.9862
0.0047	0.9836	0.0041	0.0076
0.0253	0.0031	0.9659	0.0057
0.0057	0.9669	0.0031	0.0244
0.0057	0.0041	0.9856	0.0047
0.9852	0.0051	0.0051	0.0047
0.0057	0.8231	0.0031	0.1681
0.9596	0.0051	0.0051	0.0303
0.0234	0.0474	0.1065	0.8227
0.5274	0.0484	0.3171	0.1071
