MEME version 4.4

ALPHABET= ACGT

strands: + -

Background letter frequencies:
A 0.29 C 0.21 G 0.21 T 0.29

MOTIF ZBTB12_1

letter-probability matrix: alength= 4 nsites=1000
0.1651	0.3477	0.2728	0.2144
0.2144	0.2118	0.2197	0.3541
0.3256	0.2207	0.1872	0.2665
0.5077	0.0435	0.4156	0.0332
0.0716	0.2030	0.4077	0.3177
0.0283	0.0051	0.9600	0.0066
0.0224	0.0100	0.0090	0.9586
0.0253	0.0041	0.0120	0.9586
0.0076	0.9797	0.0061	0.0066
0.0057	0.0425	0.0061	0.9458
0.9704	0.0090	0.0120	0.0086
0.0185	0.0061	0.9669	0.0086
0.8326	0.0198	0.1301	0.0175
0.1710	0.1459	0.0878	0.5953
0.0716	0.5790	0.0681	0.2813
0.3768	0.2512	0.2089	0.1632
0.1691	0.3044	0.2295	0.2970
