MEME version 4.4

ALPHABET= ACGT

strands: + -

Background letter frequencies:
A 0.29 C 0.21 G 0.21 T 0.29

MOTIF ZBTB49_1

letter-probability matrix: alength= 4 nsites=1000
0.0047	0.0543	0.0031	0.9379
0.0047	0.0031	0.0031	0.9891
0.0913	0.2551	0.1075	0.5461
0.0057	0.7168	0.0071	0.2705
0.0165	0.0090	0.9560	0.0185
0.0047	0.9875	0.0031	0.0047
0.0086	0.4884	0.1291	0.3738
0.0175	0.0080	0.0622	0.9123
0.0194	0.0041	0.9679	0.0086
0.2173	0.0415	0.6775	0.0637
0.0726	0.8271	0.0445	0.0559
0.4486	0.3211	0.2226	0.0076
0.0047	0.4205	0.4048	0.1701
0.0066	0.0031	0.9856	0.0047
0.0047	0.0425	0.0051	0.9478
0.0047	0.9875	0.0031	0.0047
0.7784	0.0041	0.0760	0.1415
