MEME version 4.4

ALPHABET= ACGT

strands: + -

Background letter frequencies:
A 0.29 C 0.21 G 0.21 T 0.29

MOTIF ZBTB14_1

letter-probability matrix: alength= 4 nsites=1000
0.1779	0.3506	0.1774	0.2941
0.3522	0.0612	0.5239	0.0628
0.1779	0.1193	0.4668	0.2360
0.2941	0.1193	0.5820	0.0047
0.1779	0.2345	0.4668	0.1208
0.2941	0.0612	0.5820	0.0628
0.0047	0.8143	0.0031	0.1779
0.1208	0.0031	0.6981	0.1779
0.0628	0.6400	0.0612	0.2360
0.1208	0.1193	0.6400	0.1198
0.0047	0.8143	0.0612	0.1198
0.3522	0.0031	0.0612	0.5835
0.2941	0.1193	0.1764	0.4103
