MEME version 4.4

ALPHABET= ACGT

strands: + -

Background letter frequencies:
A 0.29 C 0.21 G 0.21 T 0.29

MOTIF ZBTB16_1

letter-probability matrix: alength= 4 nsites=1000
0.0047	0.1842	0.3142	0.4969
0.0047	0.0523	0.1016	0.8414
0.2754	0.2000	0.4707	0.0539
0.1454	0.1439	0.2610	0.4496
0.4969	0.0031	0.0031	0.4969
0.0982	0.2138	0.0976	0.5904
0.0982	0.1902	0.2620	0.4496
0.0519	0.0504	0.6824	0.2153
0.4496	0.1675	0.2847	0.0982
0.4496	0.2138	0.0504	0.2862
0.0982	0.0031	0.6597	0.2390
0.0982	0.4481	0.2620	0.1917
0.0047	0.0031	0.0031	0.9891
0.9891	0.0031	0.0031	0.0047
0.9891	0.0031	0.0031	0.0047
0.9891	0.0031	0.0031	0.0047
0.1454	0.0966	0.5889	0.1691
0.0982	0.4018	0.0504	0.4496
0.2626	0.0504	0.0031	0.6839
0.0982	0.0504	0.1902	0.6613
0.1454	0.0031	0.4953	0.3561
0.6613	0.0031	0.2374	0.0982
0.2153	0.1902	0.0504	0.5441
0.0519	0.5426	0.0031	0.4024
0.3561	0.0031	0.0504	0.5904
0.2153	0.0504	0.6361	0.0982
0.1691	0.0966	0.1439	0.5904
0.0982	0.0504	0.2138	0.6377
0.0047	0.6361	0.1439	0.2153
