MEME version 4.4

ALPHABET= ACGT

strands: + -

Background letter frequencies:
A 0.29 C 0.21 G 0.21 T 0.29

MOTIF ZBTB7A_known2

letter-probability matrix: alength= 4 nsites=1000
0.3463	0.1695	0.2837	0.2006
0.3679	0.1449	0.2541	0.2331
0.2321	0.1685	0.4402	0.1592
0.0519	0.7060	0.2246	0.0175
0.0116	0.9698	0.0120	0.0066
0.0106	0.9777	0.0051	0.0066
0.0175	0.9698	0.0041	0.0086
0.0086	0.9620	0.0051	0.0244
0.0952	0.7779	0.0287	0.0982
0.3709	0.1587	0.1114	0.3591
0.6101	0.1537	0.0425	0.1937
0.6642	0.1144	0.0740	0.1474
0.4309	0.0661	0.1803	0.3226
0.4831	0.2167	0.0947	0.2055
0.1425	0.2423	0.1577	0.4575
