MEME version 4.4

ALPHABET= ACGT

strands: + -

Background letter frequencies:
A 0.29 C 0.21 G 0.21 T 0.29

MOTIF ZBTB3_1

letter-probability matrix: alength= 4 nsites=1000
0.3994	0.1449	0.2679	0.1878
0.4280	0.1695	0.2207	0.1819
0.1750	0.2669	0.2728	0.2852
0.1533	0.2955	0.2896	0.2616
0.1356	0.2817	0.4313	0.1514
0.0470	0.9295	0.0051	0.0185
0.8818	0.0061	0.1045	0.0076
0.0066	0.9393	0.0464	0.0076
0.0165	0.0051	0.0051	0.9734
0.0086	0.0071	0.9728	0.0116
0.0076	0.8930	0.0740	0.0253
0.8985	0.0602	0.0208	0.0204
0.0795	0.3280	0.2285	0.3640
0.1474	0.1636	0.1774	0.5117
0.1277	0.3260	0.2945	0.2518
0.1474	0.3122	0.3004	0.2399
0.1110	0.2413	0.3486	0.2990
