MEME version 4.4

ALPHABET= ACGT

strands: + -

Background letter frequencies:
A 0.29 C 0.21 G 0.21 T 0.29

MOTIF ZFX_1

letter-probability matrix: alength= 4 nsites=1000
0.1080	0.3693	0.3733	0.1494
0.1287	0.3536	0.3585	0.1592
0.1917	0.3142	0.4126	0.0815
0.1523	0.1035	0.6164	0.1277
0.0263	0.6105	0.2975	0.0657
0.0165	0.7444	0.0071	0.2321
0.0657	0.2601	0.3752	0.2990
0.3955	0.3181	0.2512	0.0352
0.0234	0.0071	0.9629	0.0066
0.0047	0.0090	0.9797	0.0066
0.0066	0.9856	0.0031	0.0047
0.0047	0.9856	0.0031	0.0066
0.0047	0.0071	0.0031	0.9852
0.1769	0.2532	0.4510	0.1189
