MEME version 4.4

ALPHABET= ACGT

strands: + -

Background letter frequencies:
A 0.29 C 0.21 G 0.21 T 0.29

MOTIF ZIC1_2

letter-probability matrix: alength= 4 nsites=1000
0.1760	0.3654	0.2689	0.1897
0.3591	0.3073	0.1124	0.2212
0.0972	0.7818	0.0287	0.0923
0.1179	0.7700	0.0533	0.0588
0.1080	0.8281	0.0346	0.0293
0.0490	0.8153	0.0760	0.0598
0.1484	0.5869	0.2276	0.0372
0.0490	0.1754	0.6016	0.1740
0.0598	0.0760	0.8153	0.0490
0.0293	0.0346	0.8281	0.1080
0.0588	0.0533	0.7700	0.1179
0.0923	0.0297	0.7808	0.0972
0.0647	0.0701	0.7090	0.1563
0.1011	0.1951	0.5859	0.1179
