MEME version 4.4

ALPHABET= ACGT

strands: + -

Background letter frequencies:
A 0.29 C 0.21 G 0.21 T 0.29

MOTIF ZIC3_4

letter-probability matrix: alength= 4 nsites=1000
0.0509	0.1035	0.5997	0.2459
0.6318	0.1173	0.2443	0.0066
0.0372	0.9472	0.0041	0.0116
0.0411	0.9334	0.0120	0.0135
0.0687	0.8881	0.0100	0.0332
0.0047	0.9875	0.0031	0.0047
0.0106	0.9816	0.0031	0.0047
0.0057	0.6479	0.0031	0.3433
0.0696	0.0051	0.9196	0.0057
0.0047	0.8212	0.0179	0.1563
0.0500	0.0504	0.1370	0.7627
0.0086	0.0031	0.9826	0.0057
0.1090	0.2797	0.0986	0.5126
0.0057	0.0218	0.8842	0.0883
0.3118	0.4185	0.0445	0.2252
