MEME version 4.4

ALPHABET= ACGT

strands: + -

Background letter frequencies:
A 0.29 C 0.21 G 0.21 T 0.29

MOTIF ZKSCAN3_1

letter-probability matrix: alength= 4 nsites=1000
0.0903	0.1252	0.1134	0.6711
0.0086	0.0080	0.9787	0.0047
0.0618	0.0051	0.9275	0.0057
0.0066	0.0051	0.4914	0.4969
0.1031	0.8684	0.0218	0.0066
0.0047	0.0100	0.0090	0.9763
0.9891	0.0031	0.0031	0.0047
0.3325	0.0031	0.6538	0.0106
0.0066	0.9836	0.0051	0.0047
0.0057	0.9807	0.0031	0.0106
0.0057	0.0080	0.0110	0.9753
0.0096	0.8822	0.0415	0.0667
0.1041	0.0267	0.8300	0.0391
0.7528	0.0198	0.2030	0.0244
