MEME version 4.4

ALPHABET= ACGT

strands: + -

Background letter frequencies:
A 0.29 C 0.21 G 0.21 T 0.29

MOTIF ZNF143_known2

letter-probability matrix: alength= 4 nsites=1000
0.0470	0.2492	0.0769	0.6268
0.5835	0.0031	0.0110	0.4024
0.0175	0.9738	0.0041	0.0047
0.0057	0.9866	0.0031	0.0047
0.0047	0.9875	0.0031	0.0047
0.9852	0.0031	0.0051	0.0066
0.0047	0.5455	0.0395	0.4103
0.7341	0.0838	0.1774	0.0047
0.9487	0.0031	0.0435	0.0047
0.0086	0.0031	0.0031	0.9852
0.0401	0.0248	0.9255	0.0096
0.0047	0.9875	0.0031	0.0047
0.8818	0.0927	0.0051	0.0204
0.1405	0.4225	0.0080	0.4290
0.0460	0.4599	0.0080	0.4861
0.1888	0.0130	0.7355	0.0628
