MEME version 4.4

ALPHABET= ACGT

strands: + -

Background letter frequencies:
A 0.29 C 0.21 G 0.21 T 0.29

MOTIF ZNF232_1

letter-probability matrix: alength= 4 nsites=1000
0.3876	0.1311	0.3723	0.1090
0.1130	0.1016	0.1370	0.6485
0.0047	0.0031	0.9875	0.0047
0.0244	0.0474	0.0031	0.9251
0.1317	0.1518	0.0031	0.7135
0.9753	0.0169	0.0031	0.0047
0.8916	0.0395	0.0031	0.0657
0.9507	0.0287	0.0031	0.0175
0.0657	0.3516	0.0641	0.5185
0.0440	0.0031	0.9482	0.0047
0.0155	0.0139	0.0031	0.9674
0.6101	0.0031	0.2886	0.0982
0.0549	0.0031	0.9373	0.0047
0.9891	0.0031	0.0031	0.0047
0.0047	0.1764	0.0031	0.8158
0.0135	0.0710	0.1281	0.7873
0.8641	0.0356	0.0307	0.0696
0.9891	0.0031	0.0031	0.0047
0.1218	0.2177	0.6479	0.0125
