MEME version 4.4

ALPHABET= ACGT

strands: + -

Background letter frequencies:
A 0.29 C 0.21 G 0.21 T 0.29

MOTIF ZNF281_1

letter-probability matrix: alength= 4 nsites=1000
0.2035	0.1655	0.2010	0.4299
0.1395	0.4392	0.1793	0.2419
0.2636	0.5495	0.0701	0.1169
0.1445	0.7296	0.0484	0.0775
0.0490	0.8734	0.0474	0.0303
0.2468	0.5849	0.0258	0.1425
0.1258	0.5849	0.0356	0.2537
0.0224	0.9334	0.0130	0.0312
0.0391	0.9423	0.0071	0.0116
0.0244	0.9423	0.0090	0.0244
0.0194	0.9521	0.0100	0.0185
0.0322	0.9245	0.0149	0.0283
0.3000	0.5121	0.0326	0.1553
0.1612	0.5081	0.0543	0.2764
0.1602	0.6400	0.1340	0.0657
