MEME version 4.4

ALPHABET= ACGT

strands: + -

Background letter frequencies:
A 0.29 C 0.21 G 0.21 T 0.29

MOTIF ZNF282_1

letter-probability matrix: alength= 4 nsites=1000
0.0716	0.6213	0.1606	0.1464
0.0913	0.0494	0.0189	0.8405
0.0431	0.0031	0.0218	0.9320
0.0125	0.0080	0.0110	0.9684
0.0047	0.9787	0.0120	0.0047
0.0047	0.9826	0.0031	0.0096
0.0047	0.9639	0.0169	0.0145
0.5343	0.3782	0.0031	0.0844
0.0490	0.4806	0.0100	0.4605
0.7105	0.0110	0.1055	0.1730
0.9822	0.0031	0.0031	0.0116
0.0135	0.9472	0.0208	0.0185
0.8119	0.1498	0.0100	0.0283
0.0096	0.9649	0.0120	0.0135
0.0362	0.0031	0.6676	0.2931
0.5195	0.1340	0.2010	0.1454
0.1543	0.3359	0.3319	0.1779
