MEME version 4.4

ALPHABET= ACGT

strands: + -

Background letter frequencies:
A 0.29 C 0.21 G 0.21 T 0.29

MOTIF ZNF35_1

letter-probability matrix: alength= 4 nsites=1000
0.3620	0.1833	0.1459	0.3089
0.4171	0.1350	0.2226	0.2252
0.1661	0.4146	0.0543	0.3650
0.7095	0.1183	0.0671	0.1051
0.8749	0.0297	0.0356	0.0598
0.5550	0.1518	0.0356	0.2577
0.2675	0.3998	0.0297	0.3030
0.9300	0.0159	0.0376	0.0165
0.8877	0.0130	0.0386	0.0608
0.3059	0.5111	0.0573	0.1258
0.8720	0.0307	0.0504	0.0470
0.7046	0.0543	0.0425	0.1986
0.2478	0.1262	0.3171	0.3089
0.4270	0.1823	0.1774	0.2134
0.3394	0.0986	0.3526	0.2094
