MEME version 4.4

ALPHABET= ACGT

strands: + -

Background letter frequencies:
A 0.29 C 0.21 G 0.21 T 0.29

MOTIF ZNF410_2

letter-probability matrix: alength= 4 nsites=1000
0.1681	0.1764	0.2374	0.4181
0.4280	0.4648	0.1016	0.0057
0.0047	0.8970	0.0031	0.0952
0.9871	0.0041	0.0031	0.0057
0.0165	0.0110	0.0336	0.9389
0.0214	0.9698	0.0031	0.0057
0.0076	0.9846	0.0031	0.0047
0.0047	0.9875	0.0031	0.0047
0.9871	0.0041	0.0031	0.0057
0.0047	0.0051	0.0031	0.9871
0.9871	0.0051	0.0031	0.0047
0.9871	0.0041	0.0041	0.0047
0.0057	0.0051	0.0031	0.9862
0.9684	0.0071	0.0139	0.0106
0.2685	0.3201	0.1557	0.2557
0.0460	0.2030	0.1941	0.5569
0.1996	0.6440	0.0258	0.1307
