MEME version 4.4

ALPHABET= ACGT

strands: + -

Background letter frequencies:
A 0.29 C 0.21 G 0.21 T 0.29

MOTIF ZNF410_1

letter-probability matrix: alength= 4 nsites=1000
0.3030	0.1340	0.2492	0.3138
0.3778	0.1862	0.2502	0.1858
0.1868	0.1449	0.2620	0.4063
0.3079	0.0425	0.2354	0.4142
0.8099	0.1104	0.0356	0.0440
0.0234	0.0110	0.0159	0.9497
0.0135	0.0061	0.9620	0.0185
0.0106	0.0061	0.9728	0.0106
0.0106	0.0071	0.9649	0.0175
0.9409	0.0149	0.0258	0.0185
0.0096	0.0080	0.0090	0.9734
0.1484	0.0061	0.8310	0.0145
0.0076	0.0474	0.5357	0.4093
0.4044	0.3733	0.1350	0.0874
0.2577	0.1606	0.2699	0.3118
0.3866	0.1429	0.2148	0.2557
0.3404	0.2728	0.2059	0.1809
