MEME version 4.4

ALPHABET= ACGT

strands: + -

Background letter frequencies:
A 0.29 C 0.21 G 0.21 T 0.29

MOTIF ZNF524_1

letter-probability matrix: alength= 4 nsites=1000
0.8473	0.0582	0.0425	0.0519
0.0411	0.8989	0.0287	0.0312
0.0509	0.8783	0.0307	0.0401
0.0165	0.9226	0.0376	0.0234
0.0204	0.0198	0.0090	0.9507
0.0273	0.6154	0.0297	0.3276
0.0578	0.0110	0.9177	0.0135
0.6780	0.0956	0.1478	0.0785
0.9812	0.0061	0.0051	0.0076
0.0057	0.9797	0.0051	0.0096
0.0135	0.9728	0.0061	0.0076
0.0194	0.9492	0.0149	0.0165
