MEME version 4.4

ALPHABET= ACGT

strands: + -

Background letter frequencies:
A 0.29 C 0.21 G 0.21 T 0.29

MOTIF ZNF589_1

letter-probability matrix: alength= 4 nsites=1000
0.1454	0.8468	0.0031	0.0047
0.0047	0.8645	0.1262	0.0047
0.8907	0.0031	0.1016	0.0047
0.0047	0.1823	0.8084	0.0047
0.0047	0.0031	0.9875	0.0047
0.0047	0.0031	0.9875	0.0047
0.1691	0.0031	0.0848	0.7430
0.6613	0.0031	0.0848	0.2508
0.4152	0.0031	0.0848	0.4969
0.1691	0.6597	0.0848	0.0864
0.7430	0.0031	0.1675	0.0864
0.0047	0.0848	0.8231	0.0874
0.1691	0.6597	0.1665	0.0047
0.2016	0.4953	0.2000	0.1031
0.1139	0.0031	0.7690	0.1139
