MEME version 4.4

ALPHABET= ACGT

strands: + -

Background letter frequencies:
A 0.29 C 0.21 G 0.21 T 0.29

MOTIF ZNF524_2

letter-probability matrix: alength= 4 nsites=1000
0.0893	0.6528	0.1488	0.1090
0.0135	0.0198	0.0071	0.9596
0.0185	0.8261	0.0189	0.1366
0.0391	0.0080	0.9452	0.0076
0.5540	0.0829	0.2610	0.1021
0.9763	0.0061	0.0051	0.0125
0.0047	0.9875	0.0031	0.0047
0.0057	0.9866	0.0031	0.0047
0.0047	0.9816	0.0031	0.0106
0.0736	0.0671	0.4422	0.4171
0.1573	0.1527	0.1872	0.5028
0.2478	0.0937	0.5633	0.0952
0.2606	0.3880	0.1399	0.2114
0.2449	0.4924	0.1459	0.1169
