MEME version 4.4

ALPHABET= ACGT

strands: + -

Background letter frequencies:
A 0.29 C 0.21 G 0.21 T 0.29

MOTIF ZNF691_1

letter-probability matrix: alength= 4 nsites=1000
0.1031	0.4382	0.1951	0.2636
0.2468	0.1459	0.3319	0.2754
0.3128	0.2601	0.1626	0.2646
0.4398	0.2000	0.2118	0.1484
0.1248	0.6666	0.0809	0.1277
0.9291	0.0120	0.0514	0.0076
0.0086	0.0051	0.9738	0.0125
0.0116	0.0051	0.0051	0.9783
0.0185	0.0041	0.9688	0.0086
0.0096	0.9777	0.0041	0.0086
0.0057	0.0110	0.0051	0.9783
0.0066	0.9797	0.0061	0.0076
0.5126	0.3959	0.0602	0.0312
0.1218	0.3870	0.1468	0.3443
0.3059	0.1665	0.1340	0.3935
0.3876	0.1301	0.2866	0.1956
0.3079	0.1527	0.1616	0.3778
