MEME version 4.4

ALPHABET= ACGT

strands: + -

Background letter frequencies:
A 0.29 C 0.21 G 0.21 T 0.29

MOTIF ZNF652_1

letter-probability matrix: alength= 4 nsites=1000
0.3207	0.2039	0.2049	0.2705
0.0234	0.2601	0.3939	0.3226
0.7725	0.0504	0.0917	0.0854
0.9566	0.0120	0.0159	0.0155
0.8355	0.0159	0.1193	0.0293
0.0057	0.0041	0.9679	0.0224
0.0421	0.0031	0.9492	0.0057
0.0066	0.0031	0.9856	0.0047
0.0066	0.0041	0.0041	0.9852
0.0057	0.0031	0.0041	0.9871
0.9891	0.0031	0.0031	0.0047
0.9862	0.0051	0.0031	0.0057
0.3640	0.2049	0.0484	0.3827
