MEME version 4.4

ALPHABET= ACGT

strands: + -

Background letter frequencies:
A 0.29 C 0.21 G 0.21 T 0.29

MOTIF ZNF713_1

letter-probability matrix: alength= 4 nsites=1000
0.2783	0.0120	0.0071	0.7026
0.9576	0.0169	0.0041	0.0214
0.0411	0.0051	0.9492	0.0047
0.9881	0.0041	0.0031	0.0047
0.7125	0.2276	0.0366	0.0234
0.6032	0.0080	0.3831	0.0057
0.9842	0.0061	0.0041	0.0057
0.7440	0.2463	0.0051	0.0047
0.2685	0.0051	0.0041	0.7223
0.0057	0.0051	0.9836	0.0057
0.0076	0.9846	0.0031	0.0047
0.0066	0.9767	0.0041	0.0125
0.9881	0.0031	0.0041	0.0047
0.0076	0.9826	0.0051	0.0047
0.0086	0.0061	0.9797	0.0057
0.9881	0.0041	0.0031	0.0047
0.9881	0.0031	0.0041	0.0047
