MEME version 4.4

ALPHABET= ACGT

strands: + -

Background letter frequencies:
A 0.29 C 0.21 G 0.21 T 0.29

MOTIF ZNF8_1

letter-probability matrix: alength= 4 nsites=1000
0.1956	0.2217	0.2630	0.3197
0.2882	0.3063	0.1035	0.3020
0.2852	0.1626	0.1340	0.4181
0.2537	0.1281	0.2748	0.3433
0.2222	0.0287	0.3644	0.3847
0.0204	0.0100	0.8694	0.1002
0.1868	0.0080	0.7227	0.0824
0.0086	0.9757	0.0051	0.0106
0.0706	0.0041	0.9167	0.0086
0.0096	0.0051	0.0051	0.9802
0.9793	0.0041	0.0080	0.0086
0.0096	0.9767	0.0051	0.0086
0.1523	0.6144	0.1931	0.0401
0.1041	0.5544	0.1144	0.2272
0.1789	0.2591	0.1813	0.3807
0.4231	0.2236	0.1449	0.2084
0.4496	0.1242	0.2177	0.2084
