MEME version 4.4

ALPHABET= ACGT

strands: + -

Background letter frequencies:
A 0.29 C 0.21 G 0.21 T 0.29

MOTIF ZSCAN4_2

letter-probability matrix: alength= 4 nsites=1000
0.2055	0.1577	0.3053	0.3315
0.3591	0.2640	0.1478	0.2291
0.2518	0.2975	0.2404	0.2104
0.4851	0.1232	0.2138	0.1779
0.1258	0.0533	0.0582	0.7627
0.0244	0.0130	0.9541	0.0086
0.0096	0.0297	0.0100	0.9507
0.0352	0.0051	0.9531	0.0066
0.0066	0.9531	0.0051	0.0352
0.9507	0.0090	0.0297	0.0106
0.0086	0.9541	0.0130	0.0244
0.7627	0.0582	0.0533	0.1258
0.0490	0.3792	0.0454	0.5264
0.7450	0.0494	0.0464	0.1592
0.3620	0.2285	0.0868	0.3226
0.4349	0.1124	0.2167	0.2360
0.3039	0.2837	0.1961	0.2163
