MEME version 4.4

ALPHABET= ACGT

strands: + -

Background letter frequencies:
A 0.29 C 0.21 G 0.21 T 0.29

MOTIF ZSCAN26_1

letter-probability matrix: alength= 4 nsites=1000
0.1927	0.2758	0.2394	0.2921
0.1356	0.1872	0.1124	0.5648
0.9261	0.0238	0.0366	0.0135
0.0175	0.0258	0.0071	0.9497
0.0125	0.0051	0.9748	0.0076
0.0628	0.0120	0.0366	0.8887
0.8916	0.0051	0.0888	0.0145
0.0076	0.9295	0.0051	0.0578
0.0391	0.2640	0.0395	0.6573
0.9566	0.0100	0.0061	0.0273
0.9704	0.0051	0.0130	0.0116
0.0253	0.0090	0.0080	0.9576
0.4250	0.1242	0.1193	0.3315
0.4447	0.2837	0.0641	0.2075
