MEME version 4.4

ALPHABET= ACGT

strands: + -

Background letter frequencies:
A 0.29 C 0.21 G 0.21 T 0.29

MOTIF ZSCAN4_3

letter-probability matrix: alength= 4 nsites=1000
0.1238	0.1803	0.0553	0.6406
0.1454	0.0041	0.8458	0.0047
0.0047	0.9866	0.0041	0.0047
0.9871	0.0031	0.0031	0.0066
0.0047	0.9875	0.0031	0.0047
0.9862	0.0031	0.0041	0.0066
0.0066	0.9452	0.0031	0.0450
0.5205	0.2532	0.2167	0.0096
0.0086	0.9826	0.0031	0.0057
0.0086	0.0090	0.0445	0.9379
0.0057	0.0258	0.8635	0.1051
0.6101	0.0612	0.1281	0.2006
0.8030	0.1852	0.0031	0.0086
0.9871	0.0031	0.0041	0.0057
0.5530	0.1134	0.2030	0.1307
