MEME version 4.4

ALPHABET= ACGT

strands: + -

Background letter frequencies:
A 0.29 C 0.21 G 0.21 T 0.29

MOTIF ZSCAN16_1

letter-probability matrix: alength= 4 nsites=1000
0.6101	0.1390	0.1242	0.1267
0.2183	0.0602	0.5741	0.1474
0.0047	0.0504	0.0031	0.9419
0.0047	0.0031	0.9875	0.0047
0.0047	0.0031	0.0031	0.9891
0.0047	0.0031	0.0031	0.9891
0.7735	0.0031	0.1724	0.0509
0.9271	0.0031	0.0031	0.0667
0.0047	0.9875	0.0031	0.0047
0.7469	0.0169	0.0031	0.2331
0.0224	0.0031	0.9698	0.0047
0.9891	0.0031	0.0031	0.0047
0.7893	0.0031	0.2030	0.0047
0.0047	0.9875	0.0031	0.0047
0.9419	0.0504	0.0031	0.0047
0.0047	0.9708	0.0031	0.0214
0.0047	0.8704	0.0366	0.0883
0.0214	0.2364	0.0701	0.6721
